,county_name,noHS,HS,someCol,Col
0,United States,11.12595967644428,26.48712959947021,28.71688902051139,33.67002170357412
1,Alabama,12.59729984419136,30.4999731970474,30.2337891202275,26.66893783853374
2,Autauga County,10.41550966829909,32.75862068965517,28.69440096935427,28.13146867269147
3,Baldwin County,8.985843669162906,27.37549158213821,31.1883785969613,32.45028615173759
4,Barbour County,24.32898027229786,36.67685468185607,27.84106696304529,11.15309808280078
5,Bibb County,19.46191692096905,43.9185402005356,24.70573581615495,11.91380706234041
6,Blount County,16.35192288777417,35.1234385757844,33.62102881872725,14.90360971771417
7,Bullock County,22.39348553148175,41.3116184382725,24.60375163588774,11.69114439435801
8,Butler County,14.43514644351464,45.20322773460849,26.32247459653317,14.03915122534369
9,Calhoun County,14.78514383962723,34.61495334089182,31.07160210806972,19.52830071141124
10,Chambers County,17.21846302561624,36.23328500080554,32.89431287256323,13.65393910101498
11,Cherokee County,20.17791277934476,36.93317422434367,30.06617487524409,12.82273812106748
12,Chilton County,18.23868474487457,42.94556887404205,25.28001572018078,13.5357306609026
13,Choctaw County,19.41601120568904,37.46363538411808,31.40825342096757,11.7120999892253
14,Clarke County,17.7761386686336,41.42848361915299,26.91007437457742,13.885303337636
15,Clay County,16.99267729962885,38.24857056876317,31.37726953556024,13.38148259604775
16,Cleburne County,16.94289231934842,37.48461028506487,29.18837011080595,16.38412728478076
17,Coffee County,13.64377955368747,27.95122086110113,35.72435915161905,22.68064043359234
18,Colbert County,13.20376330774944,37.74201535033424,31.19584055459272,17.85838078732359
19,Conecuh County,12.42931332948644,48.47085978072706,26.64743219849971,12.45239469128679
20,Coosa County,14.90508266993264,41.7636252296387,32.12492345376607,11.20636864666258
21,Covington County,14.81775860111275,37.98872109306991,31.38791113129707,15.80560917452027
22,Crenshaw County,18.76952914556621,41.82738928994721,22.98243723736666,16.42064432711992
23,Cullman County,15.78521539553853,32.40262206297574,35.33510559252348,16.47705694896224
24,Dale County,15.15503183955246,30.8754389097185,35.28834136761292,18.68118788311611
25,Dallas County,14.09248071735248,38.24233443519891,31.5513507352103,16.11383411223831
26,DeKalb County,21.79099531955432,33.49210951414489,30.28414033053059,14.4327548357702
27,Elmore County,12.35506526204201,32.05293844828729,31.02762870204731,24.5643675876234
28,Escambia County,18.26489345154767,43.74319489811791,25.44330377974802,12.54860787058641
29,Etowah County,13.80137269494749,33.75368670580777,34.43589955621709,18.00904104302765
30,Fayette County,16.96816837710906,40.99843451034963,30.19655592276917,11.83684118977214
31,Franklin County,20.50166128503907,42.19196031634611,23.0333660910665,14.27301230754832
32,Geneva County,17.50823854576379,36.56319761879451,32.4386095460827,13.48995428935899
33,Greene County,15.55836646187206,39.2663534513914,32.47199132634622,12.70328876039031
34,Hale County,18.73141724479683,39.0782953419227,26.402378592666,15.78790882061447
35,Henry County,18.68546139977053,32.21603015899033,27.52007867562695,21.5784297656122
36,Houston County,12.24323332291086,32.127951712231,33.40175913212523,22.22705583273291
37,Jackson County,17.57405393937787,38.26937866291867,28.0543106420218,16.10225675568167
38,Jefferson County,9.03861114077083,26.40610665731115,29.89895600217036,34.65632619974766
39,Lamar County,17.54121431443506,41.72698029754724,30.78005629272216,9.951749095295536
40,Lauderdale County,11.30641551659828,35.08019395747855,28.13160512246674,25.48178540345642
41,Lawrence County,16.76595379933999,41.32344747782111,26.61895169930999,15.29164702352891
42,Lee County,8.624695361914787,22.05153006552682,30.70277754070534,38.62099703185306
43,Limestone County,13.47949140370886,27.30959320745153,30.82555372505949,28.38536166378012
44,Lowndes County,15.25589178636174,43.1460047413192,26.4956073072096,15.10249616510947
45,Macon County,16.48456814738017,30.02631788818885,32.25137570779169,21.23773825663929
46,Madison County,8.02713784793211,19.17467134193003,28.51149208669796,44.2866987234399
47,Marengo County,13.41613002146581,35.67157313707452,31.2097516099356,19.70254523152407
48,Marion County,18.66698405141633,35.57248274220424,33.14925017852892,12.61128302785051
49,Marshall County,16.48444979770839,31.1590845918651,30.96605824762964,21.39040736279687
50,Mobile County,12.14035964035964,34.24718139003853,29.6888825460254,23.92357642357642
51,Monroe County,17.59573087185404,44.74652051633375,24.77103915771255,12.88670945409966
52,Montgomery County,12.2708437147578,25.82286448634897,28.54848015945868,33.35781163943455
53,Morgan County,15.31592110230276,31.15090600226501,30.77576443941109,22.75740845602114
54,Perry County,21.36690647482014,40.08992805755396,19.64028776978417,18.90287769784173
55,Pickens County,16.72883787661406,42.34576757532281,27.62553802008608,13.29985652797704
56,Pike County,12.70684055879169,36.26475591525337,23.27439558740141,27.75400793855353
57,Randolph County,19.72224024920501,34.42144201440717,29.63203322733467,16.22428450905315
58,Russell County,14.74563097058897,29.52134994859966,38.46751748865431,17.26550159215706
59,St. Clair County,13.98776681275026,35.15780180975502,32.3627707538544,18.49166062364032
60,Shelby County,6.375767845795383,19.81373120101674,29.01861364117772,44.79188731201017
61,Sumter County,12.72680145152929,33.54069466044582,34.26645930533955,19.46604458268533
62,Talladega County,17.1068458762617,34.56932168819623,32.39370325819779,15.93012917734428
63,Tallapoosa County,18.43856076035302,31.56822810590631,31.92803801765105,18.06517311608961
64,Tuscaloosa County,10.35775248933144,29.77809388335704,29.21977240398293,30.64438122332859
65,Walker County,17.708654821216,34.55315021383537,33.64930999515012,14.08888496979851
66,Washington County,13.83067122149386,42.52608254085495,30.08032499307543,13.56292124457575
67,Wilcox County,20.75761811573945,39.22281241263629,29.04668716801789,10.97288230360637
68,Winston County,20.68641278796427,38.72825575928538,27.12740949694405,13.4579219558063
69,Alaska,6.744470273461854,28.46369187954961,34.19800900941819,30.59382883757035
70,Aleutian Islands,,,,
71,Aleutians East Borough,15.28098537336412,41.57043879907621,27.21324095458045,15.93533487297922
72,Aleutians West Census Area,8.963001563314227,43.3559145388223,30.87545596664929,16.80562793121417
73,Anchorage Municipality,5.844955305413011,23.71399602714783,33.66888760139049,36.77216106604867
74,Bethel Census Area,18.03491271820449,46.62344139650873,22.61346633416459,12.7281795511222
75,Bristol Bay Borough,5.287713841368585,30.17107309486781,42.45723172628305,22.08398133748056
76,"Chugach Census Area, Alaska",4.584352078239609,23.32925835370823,41.34066829665851,30.74572127139364
77,"Copper River Census Area, Alaska",5.907859078590786,35.23035230352303,29.10569105691057,29.75609756097561
78,Denali Borough,1.630434782608696,30.43478260869566,28.5024154589372,39.43236714975845
79,Dillingham Census Area,13.45820326049254,39.92369060006937,27.05515088449532,19.56295525494277
80,Fairbanks North Star Borough,5.531193453205745,25.59053192703324,36.31384184014476,32.56443277961625
81,Haines Borough,2.30607966457023,39.41299790356394,32.6345213137666,25.64640111809923
82,Hoonah-Angoon Census Area,6.256572029442692,36.48790746582545,34.91062039957939,22.34490010515247
83,Juneau City and Borough,4.595435230209839,20.98830332500986,34.3540544092522,40.0622070355281
84,Kenai Peninsula Borough,6.049227191239885,30.87116623867435,35.71393962885799,27.36566694122777
85,Ketchikan Gateway Borough,6.029996939087848,28.86440159167432,38.72053872053872,26.38506274869911
86,Kodiak Island Borough,9.509374649152353,28.15762883125631,33.15369933759964,29.17929718199169
87,Kusilvak Census Area,20.44171779141104,55.60736196319019,21.03067484662576,2.920245398773006
88,Kuskokwim Division,,,,
89,Lake and Peninsula Borough,10.72555205047319,40.69400630914826,26.34069400630915,22.2397476340694
90,Matanuska-Susitna Borough,6.281162244254684,33.00905496016964,36.99495673104476,23.71482606453092
91,Nome Census Area,12.3621487015297,43.5965848452508,25.66702241195305,18.37424404126645
92,North Slope Borough,12.34479805908377,41.44427001569859,30.61224489795918,15.59868702725846
93,Northwest Arctic Borough,15.68764568764569,47.08624708624708,22.7972027972028,14.42890442890443
94,Petersburg Census Area,8.51063829787234,31.04806934594169,32.03309692671395,28.40819542947203
95,Prince of Wales-Hyder Census Area,7.646212847555129,38.06327900287631,35.09108341323107,19.19942473633749
96,Prince of Wales-Outer Ketchikan Census Area,,,,
97,Sitka City and Borough,5.19053876478318,25.39421813403416,36.16951379763469,33.24572930354796
98,Skagway Municipality,9.51035781544256,33.52165725047081,31.92090395480226,25.04708097928437
99,Skagway-Yakutat-Angoon Census Area,,,,
100,Skagway-Hoonah-Angoon Census Area,,,,
101,Southeast Fairbanks Census Area,7.425631849698054,38.11227913218519,35.11518675911429,19.34690225900246
102,Upper Yukon Division,,,,
103,Valdez-Cordova Census Area,,,,
104,Wrangell City and Borough,15.22712731925784,36.98016634676903,32.6295585412668,15.16314779270633
105,Wrangell-Petersburg Census Area,,,,
106,Yakutat City and Borough,5.412371134020619,44.58762886597938,39.69072164948454,10.30927835051546
107,Yukon-Koyukuk Census Area,12.87726358148893,42.28226501868353,31.93446392641563,12.9060074734119
108,Arizona,11.69572582010001,23.48698572435307,33.61082318953207,31.20646526601484
109,Apache County,17.82021623152826,31.04197157830131,38.31027807941079,12.82753411075964
110,Cochise County,11.3192657402642,24.3701035054612,38.49831303253846,25.81231772173614
111,Coconino County,9.03269217383234,21.27775586440521,30.94967400635746,38.739877955405
112,Gila County,13.05863789066477,28.48416980555838,39.66965285554311,18.78753944823374
113,Graham County,16.55160941528737,29.6223904183648,39.1499625717375,14.67603759461033
114,Greenlee County,12.32211037834085,32.57549461992364,39.10100659493231,16.00138840680319
115,La Paz County,16.00667576998938,33.95539371870733,38.21878318919739,11.8191473221059
116,Maricopa County,11.15749581342491,22.02357048607981,32.46251888398064,34.35641481651464
117,Mohave County,12.55120402385324,34.30531416393885,38.51648047952146,14.62700133268644
118,Navajo County,15.45196199443121,29.49593822659816,38.38734678646266,16.66475299250797
119,Pima County,10.64911738797177,21.39905160677718,33.57729576369107,34.37453524155999
120,Pinal County,12.42628388893439,30.44202364376007,36.2396592677533,20.89203319955224
121,Santa Cruz County,22.25552518033003,26.06304140179836,28.6453015381575,23.03613187971411
122,Yavapai County,8.448757291753061,25.15053495894501,38.626524010948,27.77418373835393
123,Yuma County,25.0899078879187,26.63671026071354,32.5841653841097,15.68921646725806
124,Arkansas,12.30506260853218,34.07388351003567,29.31632769172162,24.30472618971053
125,Arkansas County,13.31331331331331,41.87520854187521,28.23656990323657,16.57490824157491
126,Ashley County,14.8236522257848,50.87614644694654,22.28021773171277,12.01998359555589
127,Baxter County,11.345838069976,34.71011746873816,35.33851206265,18.60553239863584
128,Benton County,10.28597987751531,29.36078302712161,25.78904199475065,34.56419510061242
129,Boone County,10.88817549491707,33.81869601773293,37.52961858900864,17.76350989834136
130,Bradley County,15.87367259688319,42.90442697558957,28.69948972555509,12.52241070197214
131,Calhoun County,15.79406631762653,43.3391506689936,28.62129144851658,12.24549156486329
132,Carroll County,14.79102905022327,35.16632381716923,28.02167477798405,22.02097235462345
133,Chicot County,21.60528535282542,38.30475119482711,25.33033455158842,14.75962890075907
134,Clark County,9.46449821499405,32.02697342324474,30.61483538278461,27.8936929789766
135,Clay County,15.70503527592539,42.81434232144583,27.48622789214265,13.99439451048613
136,Cleburne County,11.75326779734255,42.40034568434698,28.86464297288538,16.98174354542509
137,Cleveland County,9.293075393238112,46.7184957512204,27.28258904357259,16.7058398119689
138,Columbia County,12.98128247099851,39.78364529215003,27.07992313714326,20.1551490997082
139,Conway County,11.86287462624296,40.99853973993464,28.46116403588067,18.67742159794173
140,Craighead County,10.34076889260746,32.83038132648865,27.88263822907951,28.94621155182438
141,Crawford County,15.07868523458724,34.13446241954037,31.71639051371791,19.07046183215449
142,Crittenden County,15.49975700631784,35.4446784383606,31.58593876559209,17.46962578972947
143,Cross County,18.20039158934196,41.7723674129565,25.97258874606283,14.05465225163872
144,Dallas County,12.25321888412017,45.23605150214593,31.00858369098712,11.50214592274678
145,Desha County,19.11231884057971,44.18995859213251,23.02018633540373,13.67753623188406
146,Drew County,13.03491495076097,36.61593554162936,26.60698299015219,23.74216651745747
147,Faulkner County,6.889336437109303,30.10488321606989,30.1088065283917,32.8969738184291
148,Franklin County,13.52198593577904,41.60806574599678,34.27094806405151,10.59900025417267
149,Fulton County,14.10463240377967,37.20903433970961,37.28969808711685,11.39663516939387
150,Garland County,9.622568416392262,31.84094745289023,34.76991615706024,23.76656797365727
151,Grant County,8.403696033136848,42.62386490361638,31.01003664170782,17.96240242153895
152,Greene County,11.3388644867415,44.34032861558484,28.03969415975273,16.28111273792094
153,Hempstead County,16.16633311096286,38.41079238010526,29.41961307538359,16.00326143354829
154,Hot Spring County,11.43547157020591,39.14922464197949,32.97601898144225,16.43928480637234
155,Howard County,11.94793119479312,41.79451417945142,31.99674569967457,14.26080892608089
156,Independence County,14.21595652516343,37.03630778924155,32.29503032212334,16.45270536347169
157,Izard County,17.89678675754625,33.24245374878286,31.84031158714703,17.02044790652386
158,Jackson County,16.51789438558438,43.12171519145741,27.68832902310837,12.67206139984984
159,Jefferson County,11.59854344875137,41.41044149016397,27.53442071922604,19.45659434185861
160,Johnson County,19.91977821034625,40.87182209638412,23.18763640653572,16.02076328673391
161,Lafayette County,18.92247043363995,45.8826106000876,24.46342531756461,10.73149364870784
162,Lawrence County,15.20787746170678,38.94055433989789,30.98103574033552,14.87053245805981
163,Lee County,18.2618437900128,45.56658130601793,26.40845070422535,9.763124199743919
164,Lincoln County,18.79242224698612,48.15114983284368,24.32377671968392,8.732651200486274
165,Little River County,10.10981141083791,43.63809978515158,31.37980424922416,14.87228455478634
166,Logan County,12.27152317880795,44.39735099337748,30.69536423841059,12.63576158940397
167,Lonoke County,10.05968815981809,37.7558063992204,31.85195712197499,20.33254831898652
168,Madison County,15.0887573964497,49.90428123912287,21.4671075530804,13.53985381134702
169,Marion County,13.82704476212796,36.57526755722209,34.49730489805484,15.10038278259511
170,Miller County,13.10285812082834,36.23481088481944,33.71897997603971,16.94335101831251
171,Mississippi County,17.38578206133961,41.30897680152415,27.06115282603011,14.24408831110613
172,Monroe County,21.18905574984571,41.28780086401974,24.04854968113557,13.47459370499897
173,Montgomery County,16.0411150911073,32.87649898769662,35.74209624669054,15.34028967450553
174,Nevada County,9.03214535290007,51.31027253668763,28.52900069881202,11.12858141160028
175,Newton County,14.78016838166511,37.90458372310571,30.90739008419083,16.40785781103835
176,Ouachita County,12.43843132364861,40.53245214788952,33.74275204189787,13.286364486564
177,Perry County,8.702397743300423,43.38504936530325,30.40902679830748,17.50352609308886
178,Phillips County,18.31268221574344,31.78753644314869,35.5502915451895,14.34948979591837
179,Pike County,12.10467394346487,38.18919675342849,30.22670025188917,19.47942905121747
180,Poinsett County,18.51030110935024,44.7987321711569,25.17908082408875,11.51188589540412
181,Polk County,11.53082971999706,38.05394282354671,34.8938046593665,15.52142279708973
182,Pope County,15.75600450031796,33.84043437851587,27.16333219194834,23.24022892921782
183,Prairie County,13.16182572614108,42.35684647302904,29.19502074688797,15.28630705394191
184,Pulaski County,8.522869928665317,25.67531642765363,29.45804841306178,36.34376523061927
185,Randolph County,14.41234665611397,38.29837752275426,31.22279382667194,16.06648199445983
186,St. Francis County,17.68055139346719,39.31075816601738,31.6032364399161,11.40545400059934
187,Saline County,8.193282262816735,30.65998821449617,33.23276370064821,27.91396582203889
188,Scott County,20.04045658141887,40.84669845398064,28.1751192024274,10.9377257621731
189,Searcy County,19.84746056508927,39.55624891662333,25.27301092043682,15.32327959785058
190,Sebastian County,15.4226823375623,29.55800137723363,31.02393818788735,23.99537809731673
191,Sevier County,26.46912598190315,34.54310430545888,27.36402505717411,11.62374465546386
192,Sharp County,17.76852889386906,39.00272130622699,32.0954057947815,11.13334400512246
193,Stone County,15.37104421656191,34.49112360789503,35.75917962289117,14.37865255265189
194,Union County,13.66960155200716,37.96821369944784,29.96567676466199,18.39650798388301
195,Van Buren County,14.94037478705281,41.37137989778535,27.4190800681431,16.26916524701874
196,Washington County,13.5028761731759,27.55205705251119,25.19796817707808,33.74709859723484
197,White County,14.21419025392456,40.40851335447709,25.08327847924521,20.29401791235314
198,Woodruff County,17.55759337955715,43.14471035562514,23.19391634980989,16.10377991500783
199,Yell County,22.54584681769148,37.68428622797555,25.72455951096727,14.0453074433657
200,California,15.80782899025901,20.4393763945088,28.48237885709147,35.27041575814072
201,Alameda County,10.99556649297281,16.65392092727557,22.70746308412272,49.64304949562889
202,Alpine County,6.29514963880289,25.69659442724458,28.68937048503612,39.3188854489164
203,Amador County,8.6903073286052,30.65090622537431,41.14105594956659,19.5177304964539
204,Butte County,9.660469729262065,22.30053387917027,38.27892548903754,29.76007090253012
205,Calaveras County,9.195731166490228,30.94332064890847,39.95021601670911,19.91073216789219
206,Colusa County,26.6747955816956,30.45474107014775,28.21689857983073,14.65356476832592
207,Contra Costa County,10.25614270452908,17.46950386325806,28.21818091475988,44.05617251745299
208,Del Norte County,19.41328731665229,30.96482769121454,33.50251230777039,16.11937268436279
209,El Dorado County,5.321849631393247,20.79185909755888,37.05214996701185,36.83414130403603
210,Fresno County,22.09239621812921,22.68928728268451,32.5853762496448,22.63294024954147
211,Glenn County,23.52137312780146,30.27222040013119,31.31081228818192,14.89559418388543
212,Humboldt County,9.008154346319886,23.08159675958003,36.71800884719927,31.19224004690081
213,Imperial County,29.56006783534512,25.56249829958193,29.67977726790427,15.19765659716869
214,Inyo County,7.915029826858723,30.46704495853339,34.34453659246326,27.27338862214462
215,Kern County,24.05209300978012,27.57228249158432,30.76815822020379,17.60746627843178
216,Kings County,26.36989571287622,26.12164355658346,33.18834275772075,14.32011797281957
217,Lake County,13.40484769079594,29.89068129708484,39.18686537831641,17.51760563380282
218,Lassen County,19.95230851457468,32.44254409406734,35.83439542819553,11.77075196316244
219,Los Angeles County,19.9571630472485,20.39096448297697,25.60750331440304,34.0443691553715
220,Madera County,28.19128970407718,23.26093352134966,32.17006685400668,16.37770992056648
221,Marin County,6.576024909185262,10.16554229372081,23.10949662688116,60.14893617021276
222,Mariposa County,9.124546732775846,22.40805150595723,39.59890475838082,28.86849700288611
223,Mendocino County,13.35973354207917,26.31885926539884,35.8213995180427,24.50000767447929
224,Merced County,29.64686542448069,26.5198445555146,29.77620103831115,14.05708898169357
225,Modoc County,14.54905545399147,32.54113345521024,33.2114564290067,19.69835466179159
226,Mono County,12.78298410024218,22.3649573549542,35.32694535116352,29.5251131936401
227,Monterey County,27.01052316379347,20.28774721592448,26.21166103435,26.49006858593204
228,Napa County,14.75569536759856,17.95930793038713,30.28261200466792,37.00238469734639
229,Nevada County,4.870195978620514,19.04174090099262,37.41282769152456,38.6752354288623
230,Orange County,13.38891948352214,17.24420737396402,27.25107978827502,42.11579335423882
231,Placer County,5.174401896050722,17.57643277073894,35.6485210165727,41.60064431663763
232,Plumas County,5.449591280653951,27.30112314747126,44.22808533262445,23.02120023925035
233,Riverside County,17.00949517992775,26.92678907272262,32.53036944350133,23.5333463038483
234,Sacramento County,11.93478218121242,22.01223115019819,34.05600934144498,31.99697732714441
235,San Benito County,16.74878042860957,26.78688445016139,35.9318496226003,20.53248549862874
236,San Bernardino County,18.89536360772495,26.86536504493832,32.3260500005081,21.91322134682862
237,San Diego County,11.68482859618864,18.19642778617532,29.85549373012556,40.26324988751049
238,San Francisco County,11.21966300370554,11.37337093541219,17.89020986430449,59.51675619657778
239,San Joaquin County,19.70052805834646,28.76126398208,32.06966520814181,19.46854275143174
240,San Luis Obispo County,8.067338156712536,19.55360098359105,35.64151468818797,36.73754617150843
241,San Mateo County,9.180960183575703,14.89178132595744,23.47169783961414,52.45556065085272
242,Santa Barbara County,18.09198215056859,17.25816899381028,29.51381891463941,35.13602994098171
243,Santa Clara County,10.81273362719843,13.69970623371464,21.09559113424615,54.39196900484077
244,Santa Cruz County,11.7243103591966,15.90521432341584,30.47920660055005,41.89126871683752
245,Shasta County,8.935611038107753,25.82867450955998,42.65486863283285,22.58084581949941
246,Sierra County,5.635023840485479,29.51885565669701,42.52275682704811,22.3233636757694
247,Siskiyou County,10.08596344226174,27.07382925239736,41.32451975297148,21.51568755236942
248,Solano County,11.14930278852585,23.77079872879322,37.24232619319655,27.83757228948438
249,Sonoma County,10.83449059462189,18.31362482290395,33.7227342226711,37.12915035980306
250,Stanislaus County,20.04687920866979,29.96630198692196,32.05208291545122,17.93473588895703
251,Sutter County,20.35084474041189,24.52059440128253,35.13380194845234,19.99475890985325
252,Tehama County,14.23130039648951,28.98828351227336,39.79150888760191,16.98890720363523
253,Trinity County,6.115424637797166,38.42151604898743,36.86064195949732,18.60241735371808
254,Tulare County,27.38189718636094,26.4837591797892,30.93243316036127,15.20191047348859
255,Tuolumne County,7.908241693271846,25.20515549249143,42.30105238264159,24.58555043159513
256,Ventura County,14.37494019502945,19.76652139495637,31.82650904251155,34.03202936750263
257,Yolo County,12.39897249545768,17.74168285195163,26.78638556481424,43.07295908777646
258,Yuba County,18.83205070167497,23.19562265042218,40.22280394433838,17.74952270356447
259,Colorado,7.635685692804747,20.59862231524191,28.93734887123321,42.82834312072013
260,Adams County,15.1358077126697,28.29813389644456,30.13731818276987,26.42874020811586
261,Alamosa County,13.0527817403709,28.42877521907479,32.88159771754636,25.63684532300795
262,Arapahoe County,7.930632729879907,19.66571070084245,27.9124843161857,44.49117225309195
263,Archuleta County,5.963707699852868,21.85384992643453,32.25110348209907,39.93133889161354
264,Baca County,14.45972495088409,28.88015717092338,32.88801571709234,23.7721021611002
265,Bent County,12.91602380427595,48.55631474542649,24.31121886709279,14.21644258320476
266,Boulder County,4.512600829421683,11.09875586747482,21.52622704279269,62.8624162603108
267,Broomfield County,3.415477734543882,12.97606414337932,25.83618284007389,57.77227528200291
268,Chaffee County,5.591158775830499,25.75856657075595,29.25058854302903,39.39968611038451
269,Cheyenne County,6.968641114982578,29.96515679442508,40.85365853658536,22.21254355400697
270,Clear Creek County,2.652064916215859,20.01583322338039,23.76302942340678,53.56907243699697
271,Conejos County,10.54005219835375,32.78458140935555,32.20236900220839,24.47299739008231
272,Costilla County,13.13868613138686,29.27391471379178,33.23088743757203,24.35651171724933
273,Crowley County,10.97387173396675,51.44893111638955,28.33729216152019,9.239904988123515
274,Custer County,1.712887438825449,17.97172376291463,41.65307232191409,38.66231647634584
275,Delta County,10.35880891136592,36.48253912891834,30.2480708026333,22.91058115708244
276,Denver County,9.96761361978584,15.98408885344434,21.52322969043289,52.52506783633694
277,Dolores County,3.569607343192248,42.3763386027537,27.58796532381438,26.46608873023967
278,Douglas County,2.124376928554474,12.15158862025703,26.47968871859212,59.24434573259638
279,Eagle County,8.294571694365525,15.61360722097906,25.17285595755915,50.91896512709627
280,Elbert County,3.650382831877494,23.40666450986735,37.64693195298177,35.29602070527337
281,El Paso County,5.550444713882365,19.59857047167652,35.34479103958759,39.50619377485353
282,Fremont County,10.32210448626707,40.47656703041805,30.59465443618535,18.60667404712953
283,Garfield County,10.40134841341574,25.73710823948995,30.93045411241664,32.93108923467767
284,Gilpin County,6.266039349871686,14.20017108639863,30.71000855431993,48.82378100940975
285,Grand County,5.552279046254951,30.2552868817929,26.48917347712528,37.70326059482686
286,Gunnison County,2.041750595129097,16.7185497161692,24.51016297381432,56.72953671488739
287,Hinsdale County,3.629032258064516,16.12903225806452,33.46774193548387,46.7741935483871
288,Huerfano County,7.901427733229024,26.10991590064542,40.66106004302758,25.32759632309799
289,Jackson County,13.9017608897127,23.44763670064875,35.40315106580167,27.24745134383689
290,Jefferson County,4.860872918061328,19.60387280215166,27.62955270696381,47.9057015728232
291,Kiowa County,2.900107411385607,27.06766917293233,49.73147153598281,20.30075187969925
292,Kit Carson County,10.80008355964069,29.07875496135366,41.92604971798622,18.19511176101943
293,Lake County,11.71976895844979,23.99850940935346,28.30258990124837,35.97913173094839
294,La Plata County,3.40571200119937,20.41678118987532,29.2121636141026,46.96534319482272
295,Larimer County,3.675832249922714,17.43437072546869,29.50871739710422,49.38107962750437
296,Las Animas County,11.8160488033787,26.56030032848428,42.88127639605819,18.74237447207884
297,Lincoln County,11.26693605894937,49.51271690040409,22.51010221060138,16.71024483004516
298,Logan County,8.574250905498848,38.53144550543299,32.62430029634508,20.27000329272308
299,Mesa County,8.451408568094683,27.32585060473042,34.91970884036228,29.30303198681262
300,Mineral County,2.08955223880597,13.28358208955224,28.35820895522388,56.26865671641791
301,Moffat County,8.020134228187919,41.92393736017897,31.21923937360179,18.83668903803132
302,Montezuma County,9.123733563267946,29.92563052381979,30.9495580944169,30.00107781849536
303,Montrose County,11.21550786272376,31.6981505291267,30.62341344410378,26.46292816404576
304,Morgan County,19.28330387273019,31.20681343403503,31.99421500883818,17.51566768439659
305,Otero County,12.1583188497393,31.91657449834097,36.95686522357403,18.96824142834571
306,Ouray County,1.379829402910186,13.59759157049674,38.78575012543904,46.23682890115403
307,Park County,2.541396688264939,25.21238300935925,39.15766738660907,33.08855291576674
308,Phillips County,13.2280701754386,28.07017543859649,32.66666666666666,26.03508771929824
309,Pitkin County,2.491261991522273,13.61642001933517,21.54383877444783,62.34847921469473
310,Prowers County,17.83026213340255,29.26291201661043,36.02387749805347,16.88294835193356
311,Pueblo County,9.467635655545317,29.41217379209625,37.46196776605177,23.65822278630666
312,Rio Blanco County,8.532344076049153,32.92371898910271,34.68583352654765,23.85810340830049
313,Rio Grande County,10.91478696741855,29.21052631578948,30.97744360902256,28.89724310776942
314,Routt County,3.327092805562985,16.23428724257823,29.63359186948382,50.80502808237497
315,Saguache County,13.34033613445378,30.67226890756303,30.52521008403362,25.46218487394958
316,San Juan County,3.423423423423423,29.90990990990991,24.5045045045045,42.16216216216216
317,San Miguel County,1.714194168535726,17.27010573534124,21.08298622236463,59.93271387375842
318,Sedgwick County,11.26357918810749,26.30074328187536,40.02287021154945,22.4128073184677
319,Summit County,5.456349206349207,17.3900462962963,24.33862433862434,52.81498015873017
320,Teller County,2.158836105751682,24.9361213954216,35.93888512280336,36.96615737602336
321,Washington County,8.58242083456644,31.13347144125481,38.17697543651968,22.10713228765907
322,Weld County,11.91132816240544,25.3873408024514,33.22273293115005,29.4785981039931
323,Yuma County,12.52102125057331,28.40544259287571,35.5603118789176,23.51322427763339
324,Connecticut,8.946669704274559,26.11980977576967,24.38042142435978,40.55309909559598
325,Fairfield County,9.805912404078404,20.83388043886515,20.14681767797216,49.21338947908428
326,Hartford County,9.69421839906853,25.83046490764836,25.25147768990463,39.22383900337849
327,Litchfield County,6.109383043670561,29.48252235007505,28.22308746438127,36.18500714187313
328,Middlesex County,5.013307843799699,25.15141277388202,26.21439224766598,43.62088713465231
329,New Haven County,9.676565560319728,29.59974326398814,24.07661055529088,36.64708062040125
330,New London County,6.960755928723712,28.60053167688785,29.88339957360566,34.55531282078277
331,Tolland County,5.177327918315359,26.12467765678669,25.87828737876241,42.81970704613553
332,Windham County,10.56921481300714,34.9338051369654,30.08480263559271,24.41217741443475
333,Delaware,8.946769415219412,30.39712257717001,27.00885294040989,33.64725506720068
334,Kent County,11.18182043876563,32.78742789993297,30.34450798169465,25.68624367960675
335,New Castle County,7.626306409829439,29.33578069348085,25.49008641181241,37.5478264848773
336,Sussex County,10.35991611403956,31.12622569857734,28.1102987020348,30.4035594853483
337,District of Columbia,7.777727658562389,15.49271517204332,15.32848361580067,61.40107355359362
338,District of Columbia,7.777727658562389,15.49271517204332,15.32848361580067,61.40107355359362
339,Florida,10.9614516371767,27.90310822194382,29.60332367164866,31.53211646923083
340,Alachua County,6.820671055575839,20.32598838784139,27.67662611440214,45.17671444218064
341,Baker County,14.18166464347918,43.77474006439014,26.85385549163456,15.18973980049612
342,Bay County,9.921141627779196,28.17000595887601,36.31431910168009,25.59453331166469
343,Bradford County,18.0195683170264,41.47204877329269,28.72805939328384,11.78032351639707
344,Brevard County,7.509306290784763,26.42384017282474,34.3873023808036,31.6795511555869
345,Broward County,10.03151306351788,26.84051712849939,28.84405543738561,34.28391437059712
346,Calhoun County,22.33497536945813,42.1576354679803,25.48768472906404,10.01970443349754
347,Charlotte County,8.247080636242396,33.63692547897082,33.62261327781934,24.49338060696744
348,Citrus County,10.10200289077018,38.05244683047697,32.45426388602106,19.39128639273178
349,Clay County,8.081519806199209,28.38564209932962,36.73491299767144,26.79792509679973
350,Collier County,10.52422947668259,26.28514098489473,25.3085250433233,37.88210449509938
351,Columbia County,13.52467608704767,36.48999958069521,34.58006625015724,15.40525808209988
352,DeSoto County,25.2119589468987,41.90905034278528,20.13711411301773,12.74187659729829
353,Dixie County,19.0987812700449,47.84316869788326,22.2097498396408,10.84830019243105
354,Duval County,9.500403307118372,28.05623761906457,30.93662147254546,31.50673760127161
355,Escambia County,9.400516532278631,27.32242464146447,35.89018356833852,27.38687525791839
356,Flagler County,7.679241196119338,32.08272056727886,33.01754505968056,27.22049317692123
357,Franklin County,21.10856428422588,31.99624921858721,25.78662221296103,21.10856428422588
358,Gadsden County,19.21928670026644,35.58473243234567,25.59468395878142,19.60129690860647
359,Gilchrist County,13.69042802815762,42.09887531353669,31.6854114410551,12.52528521725059
360,Glades County,30.57706204191184,33.06493238360689,22.93795808815939,13.42004748632188
361,Gulf County,13.26125517357885,32.8490581974829,30.8387532730805,23.05093335585776
362,Hamilton County,24.08155414502789,45.70109636468552,21.16753221773418,9.049817272552414
363,Hardee County,23.7592715431466,46.39088222878851,19.61044443104384,10.23940179702105
364,Hendry County,30.68086633959555,35.55103506042838,25.29217023652826,8.475928363447808
365,Hernando County,11.01209730714917,33.63176603988842,35.95174990087025,19.40438675209216
366,Highlands County,14.09233216998563,36.08345308971464,31.03957092999384,18.78464381030589
367,Hillsborough County,10.81641085652414,26.34909815488955,27.29985332010299,35.53463766848333
368,Holmes County,19.51577916171017,45.77006507592191,25.16968721573018,9.544468546637743
369,Indian River County,8.869152476022705,27.66849350818816,31.45266523129119,32.00968878449795
370,Jackson County,16.64626682986536,39.87076940593778,30.27240898351883,13.21055478067803
371,Jefferson County,16.19489559164733,34.69141531322506,27.58236658932714,21.53132250580046
372,Lafayette County,26.38006022080964,42.63967882234861,23.67012378721981,7.310137169621947
373,Lake County,9.619611158072697,31.31706264275823,33.80982356432438,25.2535026348447
374,Lee County,10.23274887972881,30.83975457876748,29.92100900089059,29.00648754061313
375,Leon County,6.801426327436165,19.0066156827224,27.13805794741851,47.05390004242292
376,Levy County,12.4406366320113,42.34372994480811,30.10845847773071,15.10717494544988
377,Liberty County,23.00069541029207,41.42906815020863,22.11404728789986,13.45618915159944
378,Madison County,19.53049550553451,36.83233043607459,30.5475076145903,13.08966644380061
379,Manatee County,9.74082770963553,29.07547080947607,28.97791114669609,32.20579033419231
380,Marion County,11.61702559493175,35.80282261864204,31.13361409714621,21.44653768927999
381,Martin County,7.896494973031986,25.35482083788232,32.50745490394173,34.24122928514397
382,Miami-Dade County,17.51028210926029,26.42735497466311,24.31392185857764,31.74844105749896
383,Monroe County,7.933035437224602,27.75709054800472,28.62285111400733,35.68702290076336
384,Nassau County,8.50364572983384,30.87329369143521,28.83413075711949,31.78892982161145
385,Okaloosa County,7.119078461688466,24.61173094869973,35.05355675344394,33.21563383616787
386,Okeechobee County,19.37786300202407,36.66062994922055,27.32857497958169,16.63293206917368
387,Orange County,10.5328967640912,24.29069726005287,29.47387397207438,35.70253200378155
388,Osceola County,13.3899199612703,29.51195025456046,32.7877049082749,24.31042487589433
389,Palm Beach County,10.93339907840376,23.39463509186064,27.69158447766247,37.98038135207313
390,Pasco County,9.56561090498145,33.40875678811094,30.94828534568111,26.07734696122651
391,Pinellas County,7.853226600486907,26.58200872655665,31.45013251687651,34.11463215607993
392,Polk County,13.64263730845322,33.89936001196315,31.45216862381354,21.0058340557701
393,Putnam County,18.13857527652014,41.99476569812979,27.11903260931858,12.74762641603148
394,St. Johns County,5.300202003109368,21.76504182839254,26.95472380569627,45.98003236280181
395,St. Lucie County,11.78188447693041,31.44030351498373,32.56793426655469,24.20987774153116
396,Santa Rosa County,7.717260341684945,27.1648799777565,35.96882819982082,29.14903148073774
397,Sarasota County,6.316132467131965,26.75613793665248,29.61105308635151,37.31667650986405
398,Seminole County,5.819891457164885,20.55450573704818,31.68936794207017,41.93623486371676
399,Sumter County,7.780015167760664,30.23091608044143,29.14127810176347,32.84779065003443
400,Suwannee County,17.09312897778932,40.55396804779841,26.38329653201715,15.96960644239511
401,Taylor County,17.80085063797848,44.35201401050788,25.9131848886665,11.93395046284714
402,Union County,22.6809378185525,36.8756371049949,29.4682296975875,10.9751953788651
403,Volusia County,8.868399487710448,31.1505414861304,34.5631063197099,25.41795270644925
404,Wakulla County,11.82157676348548,35.67219917012448,32.52282157676348,19.98340248962656
405,Walton County,8.775849335302805,28.27363367799114,30.45974889217134,32.49076809453471
406,Washington County,16.42857142857143,42.09890109890109,29.0,12.47252747252747
407,Georgia,11.75813922725392,27.21010715876637,28.0290328124258,33.00272080155391
408,Appling County,22.20422706292007,38.39177261316706,29.69471212243906,9.709288201473804
409,Atkinson County,33.15609570831751,33.02316748955564,22.93961260919104,10.88112419293581
410,Bacon County,16.65753424657534,39.35616438356164,32.93150684931507,11.05479452054795
411,Baker County,16.3627863487611,34.12809724170173,31.32304815334268,18.18606825619448
412,Baldwin County,14.30183459522423,32.72058823529412,27.69365171811299,25.28392545136867
413,Banks County,23.09836718438869,31.83592194344882,28.57825567502987,16.48745519713262
414,Barrow County,12.27639424763241,34.41636360279865,32.45398659750042,20.85325555206852
415,Bartow County,13.44835244149571,36.87088804374983,29.89756544429947,19.78319407045499
416,Ben Hill County,16.22788088044885,50.03021148036254,22.80535174794993,10.93655589123867
417,Berrien County,19.41654710664753,40.70620117965885,26.84520962856687,13.03204208512673
418,Bibb County,13.60984841094875,30.69922156973682,30.15978305402189,25.53114696529255
419,Bleckley County,12.4235006119951,34.79804161566707,36.81762545899632,15.96083231334149
420,Brantley County,18.71086851822123,45.28014127468293,29.51517097447423,6.493819232621608
421,Brooks County,18.44334627603248,34.10695375926579,30.65654782915637,16.79315213554536
422,Bryan County,7.71578831230922,27.07881284248464,31.70166599242397,33.50373285278217
423,Bulloch County,11.79932421848777,29.72096041531473,30.20653852178388,28.27317684441362
424,Burke County,16.07926671830622,36.38006713142267,32.39091143816163,15.14975471210948
425,Butts County,18.84905981934897,41.40771459410328,27.55780264727603,12.18542293927171
426,Calhoun County,23.4268206457695,38.15696441197266,26.91491868960641,11.50129625265143
427,Camden County,8.1798826101968,32.27068707561284,37.74024628841063,21.80918402577972
428,Candler County,21.86168018699299,38.27856455382923,27.21022961638939,12.6495256427884
429,Carroll County,14.40415197285249,34.56118171535032,29.4856610552931,21.54900525650409
430,Catoosa County,10.88432478450569,33.01053527721614,33.97467276790465,22.13046717037352
431,Charlton County,19.18924873320114,40.62568847763824,28.1339502092972,12.05111257986341
432,Chatham County,9.384328171952838,24.35382910539399,30.71620393942117,35.545638783232
433,Chattahoochee County,4.925146452592753,25.12475591234541,45.28097201128227,24.66912562377956
434,Chattooga County,28.01656266402286,36.47868431795649,24.65154254388523,10.85321047413542
435,Cherokee County,8.050409790052768,22.57269563264848,30.98742562029864,38.38946895700011
436,Clarke County,10.28831936914736,19.24045780625377,23.51322490553639,46.95799791906249
437,Clay County,19.57029425502102,30.2662307333022,32.08780943484353,18.07566557683326
438,Clayton County,14.62884711724859,33.05743721548212,32.08925965454902,20.22445601272026
439,Clinch County,25.76914684704342,37.11542657647829,26.16190268383155,10.95352389264674
440,Cobb County,7.087758459329533,18.15004059393087,25.72996413395416,49.03223681278544
441,Coffee County,22.82053989371063,39.16165135677331,23.98198007954105,14.03582866997501
442,Colquitt County,23.58960639400729,38.49112129217804,23.50265859612748,14.41661371768719
443,Columbia County,7.083308985371745,22.7195699176065,32.66132959348644,37.53579150353533
444,Cook County,18.61788617886179,31.94218608852755,32.79132791327913,16.64859981933153
