,state,county_name,totalvotes,DEMOCRAT,GREEN,LIBERTARIAN,OTHER,REPUBLICAN
0,ALABAMA,Autauga,27770,0.27018365142239825,0.0,0.0,0.015448325531148721,0.714368023046453
1,ALABAMA,Baldwin,109679,0.22409029987509005,0.0,0.0,0.014195971881581707,0.7617137282433283
2,ALABAMA,Barbour,10518,0.45788172656398557,0.0,0.0,0.007606008746910059,0.5345122646891044
3,ALABAMA,Bibb,9595,0.20698280354351226,0.0,0.0,0.008754559666492965,0.7842626367899947
4,ALABAMA,Blount,27588,0.09569377990430622,0.0,0.0,0.008590691605045673,0.8957155284906481
5,ALABAMA,Bullock,4613,0.7470192933015392,0.0,0.0,0.004552352048558422,0.24842835464990246
6,ALABAMA,Butler,9488,0.4178962900505902,0.0,0.0,0.006850758853288365,0.5752529510961214
7,ALABAMA,Calhoun,50983,0.29845242531824334,0.0,0.0,0.013063177922052449,0.6884843967597042
8,ALABAMA,Chambers,15284,0.41644857367181365,0.0,0.0,0.010861031143679666,0.5726903951845067
9,ALABAMA,Cherokee,12301,0.13202178684659785,0.0,0.0,0.007641655149987806,0.8603365580034144
10,ALABAMA,Chilton,19310,0.1591403417918177,0.0,0.0,0.007871569135163127,0.8329880890730191
11,ALABAMA,Choctaw,7464,0.41894426580921756,0.0,0.0,0.005493033226152197,0.5755627009646302
12,ALABAMA,Clarke,13135,0.4381423677198325,0.0,0.0,0.0042634183479253905,0.5575942139322421
13,ALABAMA,Clay,6930,0.18282828282828284,0.0,0.0,0.008946608946608947,0.8082251082251082
14,ALABAMA,Cleburne,7227,0.09339975093399751,0.0,0.0,0.0094091600940916,0.8971910889719109
15,ALABAMA,Coffee,22275,0.22787878787878788,0.0,0.0,0.013468013468013467,0.7586531986531987
16,ALABAMA,Colbert,27886,0.2991823854263788,0.0,0.0,0.012192498027684143,0.688625116545937
17,ALABAMA,Conecuh,6441,0.46048750194069243,0.0,0.0,0.005123428039124359,0.5343890700201832
18,ALABAMA,Coosa,5479,0.3277970432560686,0.0,0.0,0.009490782989596642,0.6627121737543348
19,ALABAMA,Covington,17430,0.15611015490533564,0.0,0.0,0.0070567986230636835,0.8368330464716007
20,ALABAMA,Crenshaw,6617,0.2569140093698051,0.0,0.0,0.008009672056823333,0.7350763185733716
21,ALABAMA,Cullman,41851,0.10699863802537574,0.0,0.0,0.011779885785285896,0.8812214761893383
22,ALABAMA,Dale,19738,0.2619313000303982,0.0,0.0,0.01342587901509778,0.724642820954504
23,ALABAMA,Dallas,17864,0.6846171070309002,0.0,0.0,0.006157635467980296,0.30922525750111957
24,ALABAMA,Dekalb,29356,0.14583049461779535,0.0,0.0,0.010491892628423491,0.8436776127537812
25,ALABAMA,Elmore,41030,0.2526687789422374,0.0,0.0,0.012161832805264441,0.7351693882524982
26,ALABAMA,Escambia,15910,0.3091137649277184,0.0,0.0,0.007730986800754243,0.6831552482715273
27,ALABAMA,Etowah,47728,0.2423524974857526,0.0,0.0,0.013262655045256453,0.7443848474689909
28,ALABAMA,Fayette,8766,0.1591375770020534,0.0,0.0,0.008099475245265799,0.8327629477526808
29,ALABAMA,Franklin,12578,0.16584512641119414,0.0,0.0,0.009222451900143107,0.8249324216886628
30,ALABAMA,Geneva,12545,0.12714228776404943,0.0,0.0,0.008130729374252691,0.8647269828616979
31,ALABAMA,Greene,4775,0.8134031413612566,0.0,0.0,0.003350785340314136,0.18324607329842932
32,ALABAMA,Hale,7900,0.590253164556962,0.0,0.0,0.00569620253164557,0.4040506329113924
33,ALABAMA,Henry,9298,0.2802753280275328,0.0,0.0,0.009141750914175092,0.7105829210582921
34,ALABAMA,Houston,46173,0.27975223615532885,0.0,0.0,0.013817599029735993,0.7064301648149351
35,ALABAMA,Jackson,23636,0.15726011169402607,0.0,0.0,0.010534777458114741,0.8322051108478592
36,ALABAMA,Jefferson,325848,0.5575851317178562,0.0,0.0,0.016317424075028848,0.426097444207115
37,ALABAMA,Lamar,7193,0.13596552203531212,0.0,0.0,0.005699986097594884,0.858334491867093
38,ALABAMA,Lauderdale,44339,0.26872505018155574,0.0,0.0,0.015855116263334763,0.7154198335551095
39,ALABAMA,Lawrence,16031,0.22219449815981535,0.0,0.0,0.009169733641070425,0.7686357681991142
40,ALABAMA,Lee,71449,0.38992848045459,0.0,0.0,0.019146524094109083,0.590924995451301
41,ALABAMA,Limestone,49235,0.27768863613283234,0.0,0.0,0.01874682644460242,0.7035645374225652
42,ALABAMA,Lowndes,6835,0.7274323335771763,0.0,0.0,0.003950256035113387,0.2686174103877103
43,ALABAMA,Macon,8723,0.8148572738736674,0.0,0.0,0.008483319958729795,0.1766594061676029
44,ALABAMA,Madison,194767,0.4481560017867503,0.0,0.0,0.02413653236944657,0.5277074658438031
45,ALABAMA,Marengo,10900,0.50348623853211,0.0,0.0,0.006330275229357798,0.4901834862385321
46,ALABAMA,Marion,13807,0.10596074454986601,0.0,0.0,0.010067357137683784,0.8839718983124502
47,ALABAMA,Marshall,39655,0.1498676081200353,0.0,0.0,0.013138317992686924,0.8369940738872778
48,ALABAMA,Mobile,183164,0.43389530693804457,0.0,0.0,0.013359612150859339,0.5527450809110961
49,ALABAMA,Monroe,10668,0.4176040494938133,0.0,0.0,0.006186726659167604,0.5762092238470191
50,ALABAMA,Montgomery,99139,0.6508941990538537,0.0,0.0,0.013102815239209595,0.3360029857069367
51,ALABAMA,Morgan,53722,0.24634228062990954,0.0,0.0,0.015338222702058747,0.7383194966680318
52,ALABAMA,Perry,5230,0.7380497131931166,0.0,0.0,0.005927342256214149,0.2560229445506692
53,ALABAMA,Pickens,9668,0.41601158460901944,0.0,0.0,0.005378568473314025,0.5786098469176665
54,ALABAMA,Pike,13841,0.40719601184885484,0.0,0.0,0.011776605736579727,0.5810273824145654
55,ALABAMA,Randolph,10837,0.20328504198578942,0.0,0.0,0.0069207345206237884,0.7897942234935867
56,ALABAMA,Russell,21329,0.5264194289465047,0.0,0.0,0.011111632050260209,0.46246893900323505
57,ALABAMA,Shelby,114950,0.28941278816876903,0.0,0.0,0.01724227925184863,0.6933449325793823
58,ALABAMA,St. Clair,44441,0.1742535046466101,0.0,0.0,0.011948426003015234,0.8137980693503747
59,ALABAMA,Sumter,6291,0.7388332538547131,0.0,0.0,0.00715307582260372,0.2540136703226832
60,ALABAMA,Talladega,35663,0.3683930123657572,0.0,0.0,0.008131677088298797,0.623475310545944
61,ALABAMA,Tallapoosa,20991,0.2791196226954409,0.0,0.0,0.008051069505978753,0.7128293077985803
62,ALABAMA,Tuscaloosa,90172,0.41881071729583463,0.0,0.0,0.014305992991172425,0.566883289712993
63,ALABAMA,Walker,31170,0.15508501764517163,0.0,0.0,0.010715431504651908,0.8341995508501765
64,ALABAMA,Washington,8876,0.254393871113114,0.0,0.0,0.00608382154123479,0.7395223073456512
65,ALABAMA,Wilcox,5903,0.6857530069456209,0.0,0.0,0.003726918516008809,0.3105200745383703
66,ALABAMA,Winston,11284,0.08631690889755406,0.0,0.0,0.010191421481744062,0.9034916696207019
67,ALASKA,District 1,7314,0.4753896636587367,0.006836204539239814,0.029532403609515995,0.008203445447087777,0.48003828274541976
68,ALASKA,District 10,11205,0.2433734939759036,0.00571173583221776,0.025524319500223113,0.004194556001784917,0.7211958946898706
69,ALASKA,District 11,10628,0.29450508091832894,0.008280015054572827,0.025310500564546482,0.0042340986074520135,0.6676703048550997
70,ALASKA,District 12,11238,0.2631251112297562,0.004805125467164976,0.02562733582487987,0.00409325502758498,0.702349172450614
71,ALASKA,District 13,7713,0.3456502009594192,0.005186049526772981,0.03993258135615195,0.006093608193958253,0.6031375599636977
72,ALASKA,District 14,11443,0.37236738617495413,0.004369483527047103,0.031110722712575374,0.005418159573538407,0.586734248011885
73,ALASKA,District 15,5559,0.4716675661090124,0.0064759848893685915,0.03543802842237813,0.0059363194819212085,0.48048210109731965
74,ALASKA,District 16,8118,0.5264843557526484,0.007883715200788372,0.025868440502586843,0.0066518847006651885,0.43311160384331115
75,ALASKA,District 17,7239,0.5713496339273381,0.008841000138140627,0.025417875397154302,0.006216328222130129,0.3881751623152369
76,ALASKA,District 18,7720,0.6063471502590674,0.010233160621761658,0.02033678756476684,0.005569948186528497,0.35751295336787564
77,ALASKA,District 19,5301,0.5881909073759668,0.009809469911337484,0.0207508017355216,0.008677607998490851,0.3725712129786833
78,ALASKA,District 2,6136,0.3428943937418514,0.0048891786179921775,0.04677314211212516,0.006681877444589309,0.598761408083442
79,ALASKA,District 20,7497,0.6510604241696679,0.007069494464452448,0.02040816326530612,0.003601440576230492,0.31786047752434304
80,ALASKA,District 21,9429,0.5741860218474918,0.007423904974016332,0.021529324424647365,0.0055149008378407045,0.3913458479160038
81,ALASKA,District 22,9520,0.4782563025210084,0.004831932773109244,0.02100840336134454,0.0038865546218487396,0.49201680672268905
82,ALASKA,District 23,7739,0.4923116681741827,0.006848430029719602,0.02196666235947797,0.00658999870784339,0.4722832407287763
83,ALASKA,District 24,10428,0.45416187188339086,0.004411200613732259,0.021288837744533946,0.004411200613732259,0.5157268891446106
84,ALASKA,District 25,9325,0.4932975871313673,0.007184986595174263,0.021554959785522788,0.005361930294906166,0.4726005361930295
85,ALASKA,District 26,10111,0.45079616259519334,0.005439620215606765,0.020472752447829097,0.004747304915438631,0.5185441598259322
86,ALASKA,District 27,9506,0.5095729013254786,0.006206606353881759,0.023984851672627813,0.005365032610982538,0.4548706080370292
87,ALASKA,District 28,12749,0.4913326535414542,0.005412189191309123,0.017177817868068084,0.0027453133579104245,0.48333202604125813
88,ALASKA,District 29,10747,0.27775193077137805,0.006420396389690146,0.01767935237740765,0.0036289196985205175,0.6945194007630037
89,ALASKA,District 3,8385,0.22695289206917113,0.005008944543828265,0.03768634466308885,0.005724508050089445,0.7246273106738224
90,ALASKA,District 30,10176,0.2592374213836478,0.004127358490566038,0.02653301886792453,0.004520440251572327,0.7055817610062893
91,ALASKA,District 31,12410,0.40588235294117647,0.008058017727639,0.020145044319097503,0.00419016921837228,0.5617244157937148
92,ALASKA,District 32,8335,0.4206358728254349,0.01259748050389922,0.028554289142171566,0.005518896220755849,0.5326934613077384
93,ALASKA,District 33,10955,0.687813783660429,0.009402099497946143,0.017982656321314468,0.005568233683249658,0.2792332268370607
94,ALASKA,District 34,10729,0.5371423245409638,0.0063379625314567995,0.02600428744524187,0.007083605182216423,0.42343182030012116
95,ALASKA,District 35,10102,0.49604038804197187,0.009404078400316769,0.01682835082161948,0.0056424470401900614,0.4720847356959018
96,ALASKA,District 36,9292,0.40852346104175635,0.008501937150236763,0.026366767111493758,0.006241928540680155,0.550365906155833
97,ALASKA,District 37,5142,0.4978607545702061,0.010890704006223259,0.016725009723842863,0.015947102294826914,0.45857642940490084
98,ALASKA,District 38,5299,0.6042649556520098,0.021136063408190225,0.019815059445178335,0.026986223815814305,0.32779769767880734
99,ALASKA,District 39,5891,0.6077066711933458,0.01765404854863351,0.0208793074180954,0.02461381768799864,0.3291461551519267
100,ALASKA,District 4,10511,0.5085148891637332,0.008847873656169727,0.030729711730567977,0.00570830558462563,0.4461992198649034
101,ALASKA,District 40,4603,0.5035846187269172,0.01868346730393222,0.02042146426243754,0.02411470779926135,0.43319574190745164
102,ALASKA,District 5,8654,0.4857869193436561,0.00785763808643402,0.029928356829211925,0.005315461058470071,0.4711116246822279
103,ALASKA,District 6,9460,0.34587737843551797,0.008773784355179705,0.028118393234672304,0.007293868921775899,0.6099365750528541
104,ALASKA,District 7,9622,0.23020162128455623,0.005612138848472251,0.028268551236749116,0.005612138848472251,0.7303055497817501
105,ALASKA,District 8,9912,0.19703389830508475,0.004842615012106538,0.024313962873284908,0.005246166263115416,0.7685633575464084
106,ALASKA,District 9,10993,0.2518875648139725,0.007004457381970345,0.027381060674974984,0.005367051760211044,0.7083598653688711
107,ALASKA,District 99,433,0.8614318706697459,0.0,0.0023094688221709007,0.0,0.13625866050808313
108,CALIFORNIA,Alameda,770070,0.8020816289428234,0.006056592257846689,0.00817458153154908,0.006678613632526914,0.17700858363525393
109,CALIFORNIA,Alpine,741,0.6423751686909581,0.005398110661268556,0.020242914979757085,0.002699055330634278,0.3292847503373819
110,CALIFORNIA,Amador,22304,0.36553981348637016,0.004931850789096126,0.0156474175035868,0.0047973457675753225,0.6090835724533716
111,CALIFORNIA,Butte,102066,0.4940528677522387,0.004967374052083946,0.017380910391315424,0.00616267905081026,0.4774361687535516
112,CALIFORNIA,Calaveras,27164,0.36982771314975704,0.0046016786923869825,0.013216021204535414,0.00427035782653512,0.6080842291267855
113,CALIFORNIA,Colusa,7961,0.4068584348699912,0.0031403090064062306,0.010174601180756186,0.007159904534606206,0.5726667504082402
114,CALIFORNIA,Contra Costa,581316,0.7162816781234302,0.004503574647867941,0.010520955900061241,0.0057094592269953,0.26298433210164524
115,CALIFORNIA,Del Norte,11453,0.40836462062341744,0.00681044267877412,0.013097005151488693,0.0075962629878634415,0.5641316685584563
116,CALIFORNIA,El Dorado,116159,0.44439948691018344,0.003960089188095628,0.016107232328102,0.0031766802400158404,0.5323565113336031
117,CALIFORNIA,Fresno,364917,0.528955899560722,0.004039274684380284,0.011046347525601713,0.0052696914640863535,0.4506887867652096
118,CALIFORNIA,Glenn,11297,0.35363370806408784,0.0030096485792688323,0.011330441710188545,0.006815968841285297,0.6252102328051695
119,CALIFORNIA,Humboldt,68843,0.6502912423921096,0.009078628182967041,0.016443211364989906,0.007960141190825502,0.316226776869108
120,CALIFORNIA,Imperial,56743,0.6111414623830252,0.004123856687168461,0.006873094478614102,0.010468251590504556,0.36739333486068765
121,CALIFORNIA,Inyo,9484,0.4886123998312948,0.004744833403627162,0.013496415014761703,0.006010122311261071,0.48713622943905527
122,CALIFORNIA,Kern,305292,0.43684734614729503,0.003517943477064581,0.012912228292913015,0.007946490572959658,0.5387759915097677
123,CALIFORNIA,Kings,43861,0.42632406921866806,0.0028499122227035405,0.013770775860103508,0.008230546499167825,0.548824696199357
124,CALIFORNIA,Lake,28812,0.5185686519505761,0.0071845064556434815,0.012980702485075662,0.005796196029432181,0.4554699430792725
125,CALIFORNIA,Lassen,11987,0.23350296154167013,0.002586134979561191,0.011762742971552515,0.0038374906148327353,0.7483106698923834
126,CALIFORNIA,Los Angeles,4264365,0.7102780836068208,0.005079302545631061,0.008313547269054127,0.007700560341340387,0.26862850623715373
127,CALIFORNIA,Madera,53732,0.43117695228169434,0.004038561750911933,0.011557358743393135,0.0064765875083748975,0.5467505397156257
128,CALIFORNIA,Marin,155830,0.8232561124302125,0.004646088686389014,0.009856895334659565,0.004299557209779889,0.15794134633895912
129,CALIFORNIA,Mariposa,10280,0.3976653696498054,0.003793774319066148,0.015077821011673152,0.004669260700389105,0.5787937743190662
130,CALIFORNIA,Mendocino,43340,0.6640978311029072,0.00909090909090909,0.013636363636363636,0.007060452238117213,0.30611444393170284
131,CALIFORNIA,Merced,90554,0.5410142014709455,0.0042847361795171944,0.010391589548777525,0.009243103562515185,0.4350663692382446
132,CALIFORNIA,Modoc,4343,0.2647939212525904,0.00345383375546857,0.008979967764218283,0.00690766751093714,0.7158646097167857
133,CALIFORNIA,Mono,6738,0.5955773226476699,0.006233303650934996,0.018699910952804988,0.006530127634312852,0.37295933511427726
134,CALIFORNIA,Monterey,163923,0.6951617527741684,0.004569218474527675,0.011102773863338274,0.006722668569999329,0.28244358631796634
135,CALIFORNIA,Napa,72150,0.6904643104643104,0.0042966042966042966,0.012668052668052668,0.006001386001386002,0.28656964656964656
136,CALIFORNIA,Nevada,64750,0.5615289575289575,0.005328185328185328,0.014193050193050193,0.005374517374517374,0.41357528957528955
137,CALIFORNIA,Orange,1522113,0.534788810029216,0.0038229750353620264,0.011382203555189398,0.00555937699763421,0.4444466343825984
138,CALIFORNIA,Placer,235084,0.4545992070919331,0.003313709142264042,0.016793997039356145,0.004253798642187474,0.5210392880842593
139,CALIFORNIA,Plumas,11260,0.4050621669626998,0.0034635879218472467,0.013587921847246892,0.005506216696269982,0.572380106571936
140,CALIFORNIA,Riverside,997156,0.5298468845396307,0.003381617319657105,0.009998435550706208,0.006348053865192608,0.4504250087248134
141,CALIFORNIA,Sacramento,718440,0.6135627192249875,0.004529257836423362,0.013598908746729024,0.00724208006235733,0.3610670341295028
142,CALIFORNIA,San Benito,28830,0.6114464099895942,0.0031564342698577872,0.011966701352757543,0.0061047519944502256,0.3673257023933403
143,CALIFORNIA,San Bernardino,841130,0.541960220179996,0.004302545385374437,0.01045141654678825,0.007851342836422432,0.4354344750514189
144,CALIFORNIA,San Diego,1602143,0.6020998125635477,0.0046319211206490305,0.013348371524888852,0.005362817176743899,0.3745570776141705
145,CALIFORNIA,San Francisco,443553,0.8525610242744385,0.006269825702903599,0.007437668102797185,0.006538113821798071,0.1271933680980627
146,CALIFORNIA,San Joaquin,288492,0.5585492838622909,0.0036881438653411534,0.010152794531564133,0.007847704615725913,0.419762073125078
147,CALIFORNIA,San Luis Obispo,159714,0.5529258549657513,0.0049713863531061775,0.015076950048211177,0.004796072980452559,0.4222297356524788
148,CALIFORNIA,San Mateo,374251,0.778878346350444,0.0042618456597310365,0.009496300611087211,0.00540279117490668,0.20196071620383113
149,CALIFORNIA,Santa Barbara,200339,0.6487154273506407,0.004687055441027458,0.012059559047414632,0.006414128052950249,0.328123830107967
150,CALIFORNIA,Santa Clara,850741,0.726386761658366,0.004748801339067942,0.010732996293819153,0.005866650367150519,0.2522647903415963
151,CALIFORNIA,Santa Cruz,144837,0.7887901572112098,0.007332380538122165,0.011764949563992625,0.00613103005447503,0.18598148263220032
152,CALIFORNIA,Shasta,92930,0.3228236306897665,0.003959969869794469,0.013741525879694393,0.005337350694070806,0.6541375228666738
153,CALIFORNIA,Sierra,1931,0.3780424650440186,0.006732263076126359,0.013982392542723977,0.00983946141895391,0.5914034179181771
154,CALIFORNIA,Siskiyou,23472,0.40869972733469667,0.004942058623040218,0.0135480572597137,0.006603612815269257,0.5662065439672802
155,CALIFORNIA,Solano,205877,0.6394060531288099,0.004653263842002749,0.012021741136698126,0.007281046450064844,0.33663789544242434
156,CALIFORNIA,Sonoma,268317,0.7451559163228569,0.005586675462233105,0.012738663595672283,0.006100992482772244,0.23041775213646545
157,CALIFORNIA,Stanislaus,214954,0.49238906928924325,0.003451901337030248,0.011602482391581454,0.00805753789182802,0.484499009090317
158,CALIFORNIA,Sutter,42644,0.4072554169402495,0.003189194259450333,0.012217428008629584,0.005745239658568615,0.571592721133102
159,CALIFORNIA,Tehama,28731,0.3101527966308169,0.0031325049597995197,0.01402666109776896,0.006473843583585674,0.6662141937280289
160,CALIFORNIA,Trinity,6259,0.4555040741332481,0.007988496564946478,0.018693081961974757,0.008467806358843265,0.5093465409809874
161,CALIFORNIA,Tulare,146885,0.45004595431800387,0.003288286754944344,0.010198454573305647,0.008305817476256935,0.5281614868774892
162,CALIFORNIA,Tuolumne,30408,0.39390949750065773,0.00476848197842673,0.014436990265719547,0.005163114969744804,0.5817219152854513
163,CALIFORNIA,Ventura,422825,0.5945438420150181,0.004176668834624254,0.011988411281262934,0.005664281913321114,0.38362679595577365
164,CALIFORNIA,Yolo,97294,0.6947807675704566,0.0056221349723518405,0.012395420067013382,0.006691060085925134,0.2805106173042531
165,CALIFORNIA,Yuba,29796,0.376896227681568,0.0041616324338837425,0.0171163914619412,0.008591757282856759,0.5932339911397503
166,COLORADO,Adams,236740,0.5668750528005406,0.0031426881811269748,0.015759905381431107,0.010163048069612234,0.40405930556728903
167,COLORADO,Alamosa,7808,0.48142930327868855,0.002945696721311475,0.011526639344262296,0.0157530737704918,0.4883452868852459
168,COLORADO,Arapahoe,350183,0.60998677834161,0.002644331678008356,0.015486188649934464,0.00829280690381886,0.36358989442662837
169,COLORADO,Archuleta,9144,0.40879265091863515,0.0020778652668416446,0.013123359580052493,0.00853018372703412,0.5674759405074365
170,COLORADO,Baca,2225,0.14247191011235955,0.001348314606741573,0.011685393258426966,0.005393258426966292,0.8391011235955056
171,COLORADO,Bent,2274,0.32189973614775724,0.002638522427440633,0.006596306068601583,0.0079155672823219,0.6609498680738787
172,COLORADO,Boulder,206111,0.7718607934559534,0.0033816729820339525,0.012318605023506752,0.006234504708627875,0.20620442382987808
173,COLORADO,Broomfield,46632,0.6235417738891749,0.002230228169497341,0.0165551552581918,0.008234688625836336,0.3494381540572997
174,COLORADO,Chaffee,13718,0.5219419740486951,0.003353258492491617,0.013777518588715556,0.007362589298731593,0.4535646595713661
175,COLORADO,Cheyenne,1136,0.1153169014084507,0.0,0.00528169014084507,0.00528169014084507,0.8741197183098591
176,COLORADO,Clear Creek,6548,0.550397067806964,0.003512522907758094,0.01725717776420281,0.008246792913866829,0.4205864386072083
177,COLORADO,Conejos,4333,0.45211170090006925,0.0020770828525271175,0.007846757442880221,0.010385414262635588,0.5275790445418879
178,COLORADO,Costilla,2094,0.6260744985673352,0.0019102196752626551,0.0071633237822349575,0.010983763132760267,0.3538681948424069
179,COLORADO,Crowley,1750,0.24971428571428572,0.0,0.012571428571428572,0.011428571428571429,0.7262857142857143
180,COLORADO,Custer,3635,0.30591471801925724,0.001375515818431912,0.00797799174690509,0.0041265474552957355,0.68060522696011
181,COLORADO,Delta,19370,0.3039235931853381,0.0023231801755291687,0.011254517294785752,0.007176045431078988,0.6753226639132679
182,COLORADO,Denver,393829,0.7955051557909651,0.0031231829042554,0.012365772962377073,0.007155389775765624,0.1818504985666368
183,COLORADO,Dolores,1449,0.23533471359558317,0.0006901311249137336,0.003450655624568668,0.008971704623878536,0.7515527950310559
184,COLORADO,Douglas,231605,0.4518598475853285,0.0018652447054251851,0.016040240927441118,0.006627663478767729,0.5236070033030374
185,COLORADO,Eagle,29140,0.6378860672614962,0.002676733013040494,0.012937542896362389,0.007035003431708991,0.3394646533973919
186,COLORADO,El Paso,378851,0.4274530092305418,0.0029959007630968376,0.024452885171215067,0.00972150000923846,0.5353767048259078
187,COLORADO,Elbert,18983,0.23652741926987306,0.001633040088500237,0.016119686034873307,0.006795553916662277,0.7389243006900912
188,COLORADO,Fremont,25557,0.2883358766678405,0.0023085651680557185,0.01553390460539187,0.008412567985287788,0.6854090855734241
189,COLORADO,Garfield,30904,0.4991910432306498,0.0032034688066269737,0.01371990680818017,0.007668910173440332,0.47621667098110276
190,COLORADO,Gilpin,4186,0.531055900621118,0.004061156235069279,0.016722408026755852,0.010272336359292882,0.43788819875776397
191,COLORADO,Grand,9870,0.47720364741641336,0.0031408308004052684,0.01762917933130699,0.00729483282674772,0.49473150962512663
192,COLORADO,Gunnison,11190,0.6373547810545129,0.003485254691689008,0.01876675603217158,0.006613047363717605,0.33378016085790885
193,COLORADO,Hinsdale,632,0.40348101265822783,0.0015822784810126582,0.015822784810126583,0.020569620253164556,0.5585443037974683
194,COLORADO,Huerfano,4406,0.4711756695415343,0.0027235587834770767,0.01611438946890604,0.009986382206082615,0.5
195,COLORADO,Jackson,876,0.1997716894977169,0.00228310502283105,0.0136986301369863,0.00684931506849315,0.7773972602739726
196,COLORADO,Jefferson,377358,0.5787501523751981,0.002885853751609877,0.016944122027358635,0.008114310548603712,0.3933055612972297
197,COLORADO,Kiowa,903,0.10852713178294573,0.0,0.009966777408637873,0.0011074197120708748,0.8803986710963455
198,COLORADO,Kit Carson,3871,0.17101524153965383,0.0005166623611469904,0.008783260139498837,0.007491604236631361,0.812193231723069
199,COLORADO,La Plata,35667,0.5761067653573331,0.0035887515069952616,0.014859674208652255,0.00639246362183531,0.3990523453051841
200,COLORADO,Lake,3961,0.5814188336278717,0.005806614491290078,0.025498611461752082,0.009341075485988387,0.3779348649330977
201,COLORADO,Larimer,224338,0.5621874136347832,0.003240645811231267,0.018226961103335146,0.008527311467517763,0.40781766798313257
202,COLORADO,Las Animas,7961,0.4392664238161035,0.0021354101243562366,0.010802662982037433,0.00967215173973119,0.5381233513377717
203,COLORADO,Lincoln,2651,0.17729158807996984,0.0003772161448509996,0.00980761976612599,0.007167106752168993,0.8053564692568842
204,COLORADO,Logan,10532,0.21059627800987465,0.0015191796429927839,0.01319787314849981,0.006836308393467528,0.7678503608051652
205,COLORADO,Mesa,90623,0.347991128080068,0.0020745285413195326,0.014411352526400583,0.00771327367224656,0.6278097171799654
206,COLORADO,Mineral,756,0.4193121693121693,0.0,0.003968253968253968,0.011904761904761904,0.5648148148148148
207,COLORADO,Moffat,7026,0.17122117847993168,0.0009962994591517223,0.013805863933959578,0.006974096214062055,0.807002561912895
208,COLORADO,Montezuma,15500,0.37651612903225806,0.0021290322580645163,0.012387096774193548,0.008580645161290323,0.6003870967741936
209,COLORADO,Montrose,24922,0.3084423401011155,0.001966134339138111,0.011435679319476767,0.005256399967899847,0.6728994462723698
210,COLORADO,Morgan,13744,0.2820139697322468,0.0018917345750873108,0.010986612339930152,0.007130384167636787,0.697977299185099
211,COLORADO,Otero,9576,0.37646198830409355,0.001670843776106934,0.009189640768588136,0.011591478696741854,0.6010860484544696
212,COLORADO,Ouray,4020,0.5883084577114428,0.0029850746268656717,0.011442786069651741,0.004975124378109453,0.39228855721393036
213,COLORADO,Park,12291,0.39890977137743067,0.0045561793182003095,0.019363762102351315,0.008380115531689854,0.5687901716703279
214,COLORADO,Phillips,2485,0.19557344064386317,0.0028169014084507044,0.0096579476861167,0.004024144869215292,0.7879275653923541
215,COLORADO,Pitkin,11957,0.7517772016392071,0.0034289537509408713,0.007861503721669315,0.004432549970728444,0.2324997909174542
216,COLORADO,Prowers,5561,0.2621830606006114,0.0016184139543247618,0.007013127135407301,0.008451717317029312,0.7207336809926272
217,COLORADO,Pueblo,88301,0.495713525328139,0.002321604511840183,0.013589880069308388,0.009875312850364096,0.47849967724034836
218,COLORADO,Rio Blanco,3691,0.1519913302628014,0.000812787862367922,0.011379030073150907,0.006502302898943376,0.8293145489027364
219,COLORADO,Rio Grande,6305,0.3957176843774782,0.0017446471054718478,0.010467882632831086,0.011578112609040445,0.5804916732751785
220,COLORADO,Routt,16876,0.62704432329936,0.002192462668878881,0.01398435648257881,0.005688551789523584,0.35109030575965866
221,COLORADO,Saguache,3389,0.5559161994688698,0.0038359398052522867,0.01150781941575686,0.011802891708468575,0.4169371496016524
222,COLORADO,San Juan,562,0.608540925266904,0.0035587188612099642,0.012455516014234875,0.01601423487544484,0.3594306049822064
223,COLORADO,San Miguel,5147,0.7623858558383524,0.002720031086069555,0.010102972605401205,0.004080046629104332,0.22071109384107246
224,COLORADO,Sedgwick,1446,0.20816044260027664,0.0006915629322268327,0.005532503457814661,0.01037344398340249,0.7752420470262794
225,COLORADO,Summit,18479,0.6835326586936522,0.0032469289463715567,0.01910276530115266,0.006115049515666432,0.2880025975431571
226,COLORADO,Teller,16939,0.3115886415963162,0.0014758840545486746,0.015762441702579847,0.007556526359289214,0.6636165062872661
227,COLORADO,Washington,3008,0.12267287234042554,0.0016622340425531915,0.008311170212765957,0.004654255319148936,0.8626994680851063
228,COLORADO,Weld,166974,0.3956304574364871,0.0020362451639177356,0.017338028675123074,0.009187059063087666,0.5758082096613845
229,COLORADO,Yuma,4981,0.15759887572776551,0.0004015257980325236,0.010439670748845614,0.007026701465569163,0.8245332262597872
230,CONNECTICUT,Fairfield,472396,0.6297788296259917,0.0035584551943708244,0.009722774959991194,0.0003641013048374669,0.35657583891480876
231,CONNECTICUT,Hartford,449336,0.6306372069008492,0.003945822279986469,0.011214325137536276,0.00029376680257090464,0.3539088788790571
232,CONNECTICUT,Litchfield,107544,0.4664509410101912,0.004509782042698802,0.01190210518485457,0.00013017927545934686,0.5170069924867962
233,CONNECTICUT,Middlesex,99198,0.5730760700820581,0.004475896691465554,0.012197826569084054,0.00031250630053025264,0.40993770035686206
234,CONNECTICUT,New Haven,417983,0.5804781534177227,0.0040504039637975706,0.008758729422009986,0.0002535988305744492,0.40645911436589527
235,CONNECTICUT,New London,139604,0.5691742356952523,0.00542248073121114,0.016159995415604138,0.0001575886077762815,0.40908569955015617
236,CONNECTICUT,Tolland,80714,0.5470054761255793,0.0049309909061625,0.015821294942636965,0.0006194712193671482,0.43162276680625417
237,CONNECTICUT,Windham,57082,0.46785326372586805,0.005378227812620441,0.016012052836270628,0.0002452612031813882,0.5105111944220595
238,DELAWARE,Kent,87025,0.5119448434357943,0.0048261993679977015,0.011996552714737145,0.0,0.47123240448147086
239,DELAWARE,New Castle,287633,0.6780654514607156,0.004457068556111434,0.010266554950231719,0.0,0.3072109250329413
240,DELAWARE,Sussex,129352,0.43819964128888617,0.0033783783783783786,0.007754035500030923,0.0,0.5506679448327045
241,DISTRICT OF COLUMBIA,District Of Columbia,344356,0.9214969392140692,0.005012254759609242,0.005912485915738364,0.013605106343435282,0.05397321376714795
242,FLORIDA,Alachua,142604,0.629042663599899,0.002117752657709461,0.009747272166278645,0.0016549325404616982,0.35743737903565115
243,FLORIDA,Baker,14059,0.14488939469379045,0.000711288142826659,0.006614979728287929,0.0005690305142613273,0.8472153069208336
244,FLORIDA,Bay,93024,0.2753482972136223,0.0015264877880976952,0.010792913656690746,0.0017952356381148952,0.7105370657034744
245,FLORIDA,Bradford,13632,0.2318075117370892,0.000806924882629108,0.00806924882629108,0.0012470657276995305,0.7580692488262911
246,FLORIDA,Brevard,360764,0.4117622600924704,0.001532858045703008,0.00880908294619197,0.0016659090153119491,0.5762298899003226
247,FLORIDA,Broward,957672,0.646100126139221,0.0013083811576406119,0.0032516352153973385,0.0011945634831132161,0.3481452940046279
248,FLORIDA,Calhoun,6526,0.1852589641434263,0.0006129328838492185,0.004443763407906834,0.0015323322096230463,0.8081520073551947
249,FLORIDA,Charlotte,116340,0.36335740072202166,0.00110881897885508,0.004856455217466048,0.0011174144748151969,0.629559910606842
250,FLORIDA,Citrus,93208,0.29066174577289505,0.000922667582181787,0.005879323663204875,0.0013947300660887478,0.7011415329156295
251,FLORIDA,Clay,124405,0.3080020899481532,0.0012298541055423818,0.01033720509625819,0.0013584662995860294,0.6790723845504602
252,FLORIDA,Collier,207818,0.37350470122895996,0.0008950139063988682,0.004277781520368784,0.0008276472682828244,0.6204948560759895
253,FLORIDA,Columbia,33042,0.2697778584831427,0.0008474063313358756,0.006779250650687005,0.001210580473336965,0.7213849040614975
254,FLORIDA,Desoto,12659,0.33644047713089503,0.0006319614503515285,0.004107749427284936,0.0021328698949364087,0.6566869420965321
255,FLORIDA,Dixie,8167,0.16713603526386678,0.0006122199093914534,0.0033059875107138486,0.0013468838006611976,0.8275988735153668
256,FLORIDA,Duval,492820,0.5124710847774036,0.0015664948662797776,0.009715514792419139,0.0019114483990097803,0.4743354571648878
257,FLORIDA,Escambia,170372,0.4163184091282605,0.0015025943230108233,0.012595966473364167,0.0021541098302537975,0.5674289202451107
258,FLORIDA,Flagler,71716,0.3926738803056501,0.0009621283953371632,0.005005856433710748,0.00117128674214959,0.6001868481231525
259,FLORIDA,Franklin,6849,0.3095342385749745,0.0017520805957074025,0.003942181340341655,0.002190100744634253,0.6825813987443422
260,FLORIDA,Gadsden,23762,0.6797828465617373,0.000883763992929888,0.004040063967679489,0.0011362679909098562,0.31415705748674355
261,FLORIDA,Gilchrist,9685,0.17552916881775943,0.0013422818791946308,0.006298399586990191,0.0016520392359318534,0.8151781104801239
262,FLORIDA,Glades,5193,0.2667051800500674,0.0007702676680146351,0.004043905257076834,0.00019256691700365877,0.7282880801078375
263,FLORIDA,Gulf,8163,0.24317040303809873,0.0006125199068969741,0.005880191106210952,0.001470047776552738,0.7488668381722406
264,FLORIDA,Hamilton,5830,0.3367066895368782,0.0013722126929674098,0.005660377358490566,0.0018867924528301887,0.6543739279588336
265,FLORIDA,Hardee,8485,0.27083087802003536,0.0009428403064230996,0.004714201532115498,0.0020035356511490868,0.7215085444902769
266,FLORIDA,Hendry,12940,0.3809119010819165,0.0010046367851622876,0.005023183925811438,0.0020865533230293664,0.6109737248840804
267,FLORIDA,Hernando,108922,0.3444575016984631,0.001386313141514111,0.00629808486807073,0.0014138557867097556,0.6464442445052423
268,FLORIDA,Highlands,52170,0.3246693502012651,0.0010159095265478244,0.004274487253210658,0.001590952654782442,0.668449300364194
269,FLORIDA,Hillsborough,712063,0.5285585685536252,0.001666987331177157,0.007955756723773038,0.0020307191919816084,0.459787968199443
270,FLORIDA,Holmes,9068,0.10189677988531098,0.000992501102779003,0.00529333921482135,0.0007719453021614468,0.8910454344949272
271,FLORIDA,Indian River,97484,0.3882072955561938,0.0012001969553978088,0.00547782200155923,0.0012001969553978088,0.6039144885314514
272,FLORIDA,Jackson,22419,0.3017975824077791,0.0005798652928319729,0.0051741826129622194,0.0016057808109193096,0.6908425888755074
273,FLORIDA,Jefferson,8451,0.46112886048988283,0.001538279493551059,0.005443142823334517,0.0018932670689859189,0.5299964501242457
274,FLORIDA,Lafayette,3658,0.1394204483324221,0.0005467468562055768,0.0038272279934390375,0.0010934937124111536,0.8551120831055221
275,FLORIDA,Lake,211314,0.3951702206195519,0.0012020027068722376,0.0065542273583387755,0.0014717434718002594,0.5956018058434368
276,FLORIDA,Lee,393899,0.40034374293917985,0.001117037616241727,0.005118063259871185,0.0012718996494025117,0.5921492565353047
277,FLORIDA,Leon,162929,0.6353503673379202,0.0016633011925439917,0.008248991892173891,0.0021113491152587936,0.35262599046210313
278,FLORIDA,Levy,23145,0.26809246057463815,0.001080146899978397,0.005659969755886801,0.001512205659969756,0.7236552171095268
279,FLORIDA,Liberty,3561,0.19488907610221848,0.0005616399887672002,0.003931479921370402,0.0014040999719180005,0.7992137040157259
280,FLORIDA,Madison,9380,0.39946695095948825,0.0013859275053304905,0.003411513859275053,0.001279317697228145,0.594456289978678
281,FLORIDA,Manatee,216958,0.41559195789046727,0.001189170254150573,0.005932023709658091,0.0011983886282137556,0.5760884595175103
282,FLORIDA,Marion,204376,0.36627588366540104,0.0011155908717266215,0.005773672055427252,0.0013895956472384232,0.6254452577602067
283,FLORIDA,Martin,98726,0.3736908210603083,0.001063549622186658,0.004537811721329741,0.0011344529303324352,0.6195733646658428
284,FLORIDA,Miami-Dade,1156816,0.5341074120689894,0.0011142653628580517,0.002877726449150081,0.0012975270051589882,0.4606030691138435
285,FLORIDA,Monroe,48029,0.4555789210685211,0.0010618584605134398,0.007245622436444648,0.0011659622311520122,0.5349476358033688
286,FLORIDA,Nassau,58811,0.2646443692506504,0.0007311557361718045,0.009675060787947833,0.0011732499022291747,0.7237761643230008
287,FLORIDA,Okaloosa,116373,0.29429506844371117,0.0015725297104998582,0.016163543089891985,0.0022599743926855886,0.6857088843632114
288,FLORIDA,Okeechobee,15954,0.2751661025448163,0.00043876143913752037,0.004136893569010906,0.0013162843174125611,0.7189419581296227
289,FLORIDA,Orange,647403,0.6101516366158328,0.00177014935055908,0.007236605329292573,0.0017917742117351944,0.37904983449258034
290,FLORIDA,Osceola,172436,0.5642499246097102,0.0016817833862998446,0.005590479946182931,0.002348697487763576,0.4261291145700434
291,FLORIDA,Palm Beach,773158,0.5607805907718733,0.0011524164530406463,0.0039319259452789725,0.0012209664777445232,0.43291410035206257
292,FLORIDA,Pasco,301970,0.39432062787694144,0.0015465112428386925,0.007500745107129847,0.0018015034606086698,0.5948306123124814
293,FLORIDA,Pinellas,559715,0.49569870380461484,0.0016294006771303252,0.0076253093092020045,0.001565082229348865,0.493481503979704
294,FLORIDA,Polk,343256,0.42256799589810523,0.001238142960356119,0.007559955252056774,0.0017508798098212412,0.5668830260796607
295,FLORIDA,Putnam,36373,0.2894179748714706,0.0013746460286476233,0.006213400049487257,0.001539603552085338,0.7014543754983091
296,FLORIDA,Santa Rosa,106928,0.258229836899596,0.0011409546610803532,0.015384183749812957,0.0015337423312883436,0.7237112823582224
297,FLORIDA,Sarasota,270575,0.4439064954264067,0.0010496165573316086,0.005569620253164557,0.0011235332162986232,0.5483507345467985
298,FLORIDA,Seminole,260815,0.5081302839177194,0.0015566589344937984,0.008492609704196461,0.0016295075053198627,0.48019093993827044
299,FLORIDA,St. Johns,176622,0.3615064940947334,0.0011889798552841661,0.008000135883412033,0.0011493471934413606,0.6281550429731291
300,FLORIDA,St. Lucie,172169,0.48868843984689464,0.0012139235286259431,0.004460733349209207,0.0013010472268526853,0.5043358560484176
301,FLORIDA,Sumter,92485,0.3172514461804617,0.00042169000378439745,0.0029085797696923824,0.0008109423149699951,0.6786073417310915
302,FLORIDA,Suwannee,21057,0.21299330388944293,0.0010922733532791945,0.005651327349574963,0.0009498029158949518,0.7793132924918079
303,FLORIDA,Taylor,10127,0.2270168855534709,0.001086205194035746,0.005134788189987163,0.0013824429742273132,0.7653796780882789
304,FLORIDA,Union,6245,0.16861489191353082,0.0008006405124099279,0.006725380304243395,0.001921537229783827,0.821937550040032
305,FLORIDA,Volusia,307439,0.4247183994223244,0.001268544329118947,0.007012773265590897,0.0016165808501849147,0.5653837021327808
306,FLORIDA,Wakulla,18404,0.2907520104325147,0.0009780482503803521,0.007335361877852641,0.0014127363616605086,0.6995218430775918
307,FLORIDA,Walton,43711,0.23650797282148658,0.0009837340715151792,0.007686852279746517,0.0010752442177026378,0.7537461966095491
308,FLORIDA,Washington,12327,0.19039506773748682,0.0012168410805548796,0.005597468970552446,0.0016224547740731727,0.8011681674373327
309,HAWAII,Hawaii,87814,0.6688113512651741,0.009167103195390257,0.011695173890268067,0.004031247864805156,0.3062951237843624
310,HAWAII,Honolulu,382102,0.6251367435920252,0.005700048678101659,0.008994980397904225,0.0035880471706507687,0.3565801801613182
311,HAWAII,Kauai,33497,0.6336388333283578,0.007582768606143834,0.00904558617189599,0.003970504821327283,0.3457623070722751
312,HAWAII,Maui,71044,0.6658549631214459,0.008234333652384438,0.010866505264343225,0.0036034007094195145,0.311440797252407
313,IDAHO,Ada,259389,0.46470359190250937,0.0,0.020471184205960932,0.010952661832228814,0.5038725620593009
314,IDAHO,Adams,2586,0.228538283062645,0.0,0.013147718484145398,0.007733952049497293,0.7505800464037123
315,IDAHO,Bannock,39553,0.37119813920562283,0.0,0.023942558086617955,0.014992541652971961,0.5898667610547872
316,IDAHO,Bear Lake,3315,0.10558069381598793,0.0,0.007541478129713424,0.00784313725490196,0.8790346907993967
317,IDAHO,Benewah,4973,0.1964608887995174,0.0,0.011662980092499498,0.012065151819827067,0.779810979288156
318,IDAHO,Bingham,19996,0.20624124824964993,0.0,0.015353070614122825,0.013502700540108022,0.7649029805961193
319,IDAHO,Blaine,13289,0.6711565956806381,0.0,0.012642034765595606,0.012792535179471744,0.30340883437429456
320,IDAHO,Boise,4820,0.24979253112033195,0.0,0.013900414937759335,0.013278008298755186,0.7230290456431535
321,IDAHO,Bonner,27335,0.30400585330162794,0.0,0.014669837205048473,0.00932869946954454,0.671995610023779
322,IDAHO,Bonneville,53995,0.26398740624131867,0.0,0.02385406056116307,0.012001111214001296,0.700157421983517
323,IDAHO,Boundary,6313,0.19325201964200855,0.0,0.012989070172659592,0.011721843814351339,0.7820370663709805
324,IDAHO,Butte,1415,0.13286219081272085,0.0,0.0077738515901060075,0.009893992932862191,0.8494699646643109
325,IDAHO,Camas,754,0.1976127320954907,0.0,0.009283819628647215,0.1206896551724138,0.6724137931034483
326,IDAHO,Canyon,90410,0.28626258157283485,0.0,0.01875898683773919,0.01187921690078531,0.6830992146886407
327,IDAHO,Caribou,3416,0.12617096018735363,0.0,0.012002341920374707,0.011124121779859485,0.8507025761124122
328,IDAHO,Cassia,9629,0.15204071035413855,0.0,0.012566206251947242,0.014227853359642747,0.8211652300342714
329,IDAHO,Clark,311,0.13183279742765272,0.0,0.012861736334405145,0.006430868167202572,0.8488745980707395
330,IDAHO,Clearwater,4419,0.1984611903145508,0.0,0.010635890472957682,0.009504412763068567,0.781398506449423
331,IDAHO,Custer,2739,0.22015334063526834,0.0,0.006206644760861628,0.01095290251916758,0.7626871120847024
