state,county_name,totalvotes,county_fips,DEMOCRAT,GREEN,LIBERTARIAN,OTHER,REPUBLICAN,fips
Alabama,Autauga,27770,01001,0.27018365142239825,0.0,0.0,0.015448325531148721,0.714368023046453,1001
Alabama,Baldwin,109679,01003,0.22409029987509005,0.0,0.0,0.014195971881581707,0.7617137282433283,1003
Alabama,Barbour,10518,01005,0.45788172656398557,0.0,0.0,0.007606008746910059,0.5345122646891044,1005
Alabama,Bibb,9595,01007,0.20698280354351226,0.0,0.0,0.008754559666492965,0.7842626367899947,1007
Alabama,Blount,27588,01009,0.09569377990430622,0.0,0.0,0.008590691605045673,0.8957155284906481,1009
Alabama,Bullock,4613,01011,0.7470192933015392,0.0,0.0,0.004552352048558422,0.24842835464990246,1011
Alabama,Butler,9488,01013,0.4178962900505902,0.0,0.0,0.006850758853288365,0.5752529510961214,1013
Alabama,Calhoun,50983,01015,0.29845242531824334,0.0,0.0,0.013063177922052449,0.6884843967597042,1015
Alabama,Chambers,15284,01017,0.41644857367181365,0.0,0.0,0.010861031143679666,0.5726903951845067,1017
Alabama,Cherokee,12301,01019,0.13202178684659785,0.0,0.0,0.007641655149987806,0.8603365580034144,1019
Alabama,Chilton,19310,01021,0.1591403417918177,0.0,0.0,0.007871569135163127,0.8329880890730191,1021
Alabama,Choctaw,7464,01023,0.41894426580921756,0.0,0.0,0.005493033226152197,0.5755627009646302,1023
Alabama,Clarke,13135,01025,0.4381423677198325,0.0,0.0,0.0042634183479253905,0.5575942139322421,1025
Alabama,Clay,6930,01027,0.18282828282828284,0.0,0.0,0.008946608946608947,0.8082251082251082,1027
Alabama,Cleburne,7227,01029,0.09339975093399751,0.0,0.0,0.0094091600940916,0.8971910889719109,1029
Alabama,Coffee,22275,01031,0.22787878787878788,0.0,0.0,0.013468013468013467,0.7586531986531987,1031
Alabama,Colbert,27886,01033,0.2991823854263788,0.0,0.0,0.012192498027684143,0.688625116545937,1033
Alabama,Conecuh,6441,01035,0.46048750194069243,0.0,0.0,0.005123428039124359,0.5343890700201832,1035
Alabama,Coosa,5479,01037,0.3277970432560686,0.0,0.0,0.009490782989596642,0.6627121737543348,1037
Alabama,Covington,17430,01039,0.15611015490533564,0.0,0.0,0.0070567986230636835,0.8368330464716007,1039
Alabama,Crenshaw,6617,01041,0.2569140093698051,0.0,0.0,0.008009672056823333,0.7350763185733716,1041
Alabama,Cullman,41851,01043,0.10699863802537574,0.0,0.0,0.011779885785285896,0.8812214761893383,1043
Alabama,Dale,19738,01045,0.2619313000303982,0.0,0.0,0.01342587901509778,0.724642820954504,1045
Alabama,Dallas,17864,01047,0.6846171070309002,0.0,0.0,0.006157635467980296,0.30922525750111957,1047
Alabama,Dekalb,29356,01049,0.14583049461779535,0.0,0.0,0.010491892628423491,0.8436776127537812,1049
Alabama,Elmore,41030,01051,0.2526687789422374,0.0,0.0,0.012161832805264441,0.7351693882524982,1051
Alabama,Escambia,15910,01053,0.3091137649277184,0.0,0.0,0.007730986800754243,0.6831552482715273,1053
Alabama,Etowah,47728,01055,0.2423524974857526,0.0,0.0,0.013262655045256453,0.7443848474689909,1055
Alabama,Fayette,8766,01057,0.1591375770020534,0.0,0.0,0.008099475245265799,0.8327629477526808,1057
Alabama,Franklin,12578,01059,0.16584512641119414,0.0,0.0,0.009222451900143107,0.8249324216886628,1059
Alabama,Geneva,12545,01061,0.12714228776404943,0.0,0.0,0.008130729374252691,0.8647269828616979,1061
Alabama,Greene,4775,01063,0.8134031413612566,0.0,0.0,0.003350785340314136,0.18324607329842932,1063
Alabama,Hale,7900,01065,0.590253164556962,0.0,0.0,0.00569620253164557,0.4040506329113924,1065
Alabama,Henry,9298,01067,0.2802753280275328,0.0,0.0,0.009141750914175092,0.7105829210582921,1067
Alabama,Houston,46173,01069,0.27975223615532885,0.0,0.0,0.013817599029735993,0.7064301648149351,1069
Alabama,Jackson,23636,01071,0.15726011169402607,0.0,0.0,0.010534777458114741,0.8322051108478592,1071
Alabama,Jefferson,325848,01073,0.5575851317178562,0.0,0.0,0.016317424075028848,0.426097444207115,1073
Alabama,Lamar,7193,01075,0.13596552203531212,0.0,0.0,0.005699986097594884,0.858334491867093,1075
Alabama,Lauderdale,44339,01077,0.26872505018155574,0.0,0.0,0.015855116263334763,0.7154198335551095,1077
Alabama,Lawrence,16031,01079,0.22219449815981535,0.0,0.0,0.009169733641070425,0.7686357681991142,1079
Alabama,Lee,71449,01081,0.38992848045459,0.0,0.0,0.019146524094109083,0.590924995451301,1081
Alabama,Limestone,49235,01083,0.27768863613283234,0.0,0.0,0.01874682644460242,0.7035645374225652,1083
Alabama,Lowndes,6835,01085,0.7274323335771763,0.0,0.0,0.003950256035113387,0.2686174103877103,1085
Alabama,Macon,8723,01087,0.8148572738736674,0.0,0.0,0.008483319958729795,0.1766594061676029,1087
Alabama,Madison,194767,01089,0.4481560017867503,0.0,0.0,0.02413653236944657,0.5277074658438031,1089
Alabama,Marengo,10900,01091,0.50348623853211,0.0,0.0,0.006330275229357798,0.4901834862385321,1091
Alabama,Marion,13807,01093,0.10596074454986601,0.0,0.0,0.010067357137683784,0.8839718983124502,1093
Alabama,Marshall,39655,01095,0.1498676081200353,0.0,0.0,0.013138317992686924,0.8369940738872778,1095
Alabama,Mobile,183164,01097,0.43389530693804457,0.0,0.0,0.013359612150859339,0.5527450809110961,1097
Alabama,Monroe,10668,01099,0.4176040494938133,0.0,0.0,0.006186726659167604,0.5762092238470191,1099
Alabama,Montgomery,99139,01101,0.6508941990538537,0.0,0.0,0.013102815239209595,0.3360029857069367,1101
Alabama,Morgan,53722,01103,0.24634228062990954,0.0,0.0,0.015338222702058747,0.7383194966680318,1103
Alabama,Perry,5230,01105,0.7380497131931166,0.0,0.0,0.005927342256214149,0.2560229445506692,1105
Alabama,Pickens,9668,01107,0.41601158460901944,0.0,0.0,0.005378568473314025,0.5786098469176665,1107
Alabama,Pike,13841,01109,0.40719601184885484,0.0,0.0,0.011776605736579727,0.5810273824145654,1109
Alabama,Randolph,10837,01111,0.20328504198578942,0.0,0.0,0.0069207345206237884,0.7897942234935867,1111
Alabama,Russell,21329,01113,0.5264194289465047,0.0,0.0,0.011111632050260209,0.46246893900323505,1113
Alabama,Shelby,114950,01117,0.28941278816876903,0.0,0.0,0.01724227925184863,0.6933449325793823,1117
Alabama,St. Clair,44441,01115,0.1742535046466101,0.0,0.0,0.011948426003015234,0.8137980693503747,1115
Alabama,Sumter,6291,01119,0.7388332538547131,0.0,0.0,0.00715307582260372,0.2540136703226832,1119
Alabama,Talladega,35663,01121,0.3683930123657572,0.0,0.0,0.008131677088298797,0.623475310545944,1121
Alabama,Tallapoosa,20991,01123,0.2791196226954409,0.0,0.0,0.008051069505978753,0.7128293077985803,1123
Alabama,Tuscaloosa,90172,01125,0.41881071729583463,0.0,0.0,0.014305992991172425,0.566883289712993,1125
Alabama,Walker,31170,01127,0.15508501764517163,0.0,0.0,0.010715431504651908,0.8341995508501765,1127
Alabama,Washington,8876,01129,0.254393871113114,0.0,0.0,0.00608382154123479,0.7395223073456512,1129
Alabama,Wilcox,5903,01131,0.6857530069456209,0.0,0.0,0.003726918516008809,0.3105200745383703,1131
Alabama,Winston,11284,01133,0.08631690889755406,0.0,0.0,0.010191421481744062,0.9034916696207019,1133
Alaska,District 1,7314,02001,0.4753896636587367,0.006836204539239814,0.029532403609515995,0.008203445447087777,0.48003828274541976,2001
Alaska,District 10,11205,02010,0.2433734939759036,0.00571173583221776,0.025524319500223113,0.004194556001784917,0.7211958946898706,2010
Alaska,District 11,10628,02011,0.29450508091832894,0.008280015054572827,0.025310500564546482,0.0042340986074520135,0.6676703048550997,2011
Alaska,District 12,11238,02012,0.2631251112297562,0.004805125467164976,0.02562733582487987,0.00409325502758498,0.702349172450614,2012
Alaska,District 13,7713,02013,0.3456502009594192,0.005186049526772981,0.03993258135615195,0.006093608193958253,0.6031375599636977,2013
Alaska,District 14,11443,02014,0.37236738617495413,0.004369483527047103,0.031110722712575374,0.005418159573538407,0.586734248011885,2014
Alaska,District 15,5559,02015,0.4716675661090124,0.0064759848893685915,0.03543802842237813,0.0059363194819212085,0.48048210109731965,2015
Alaska,District 16,8118,02016,0.5264843557526484,0.007883715200788372,0.025868440502586843,0.0066518847006651885,0.43311160384331115,2016
Alaska,District 17,7239,02017,0.5713496339273381,0.008841000138140627,0.025417875397154302,0.006216328222130129,0.3881751623152369,2017
Alaska,District 18,7720,02018,0.6063471502590674,0.010233160621761658,0.02033678756476684,0.005569948186528497,0.35751295336787564,2018
Alaska,District 19,5301,02019,0.5881909073759668,0.009809469911337484,0.0207508017355216,0.008677607998490851,0.3725712129786833,2019
Alaska,District 2,6136,02002,0.3428943937418514,0.0048891786179921775,0.04677314211212516,0.006681877444589309,0.598761408083442,2002
Alaska,District 20,7497,02020,0.6510604241696679,0.007069494464452448,0.02040816326530612,0.003601440576230492,0.31786047752434304,2020
Alaska,District 21,9429,02021,0.5741860218474918,0.007423904974016332,0.021529324424647365,0.0055149008378407045,0.3913458479160038,2021
Alaska,District 22,9520,02022,0.4782563025210084,0.004831932773109244,0.02100840336134454,0.0038865546218487396,0.49201680672268905,2022
Alaska,District 23,7739,02023,0.4923116681741827,0.006848430029719602,0.02196666235947797,0.00658999870784339,0.4722832407287763,2023
Alaska,District 24,10428,02024,0.45416187188339086,0.004411200613732259,0.021288837744533946,0.004411200613732259,0.5157268891446106,2024
Alaska,District 25,9325,02025,0.4932975871313673,0.007184986595174263,0.021554959785522788,0.005361930294906166,0.4726005361930295,2025
Alaska,District 26,10111,02026,0.45079616259519334,0.005439620215606765,0.020472752447829097,0.004747304915438631,0.5185441598259322,2026
Alaska,District 27,9506,02027,0.5095729013254786,0.006206606353881759,0.023984851672627813,0.005365032610982538,0.4548706080370292,2027
Alaska,District 28,12749,02028,0.4913326535414542,0.005412189191309123,0.017177817868068084,0.0027453133579104245,0.48333202604125813,2028
Alaska,District 29,10747,02029,0.27775193077137805,0.006420396389690146,0.01767935237740765,0.0036289196985205175,0.6945194007630037,2029
Alaska,District 3,8385,02003,0.22695289206917113,0.005008944543828265,0.03768634466308885,0.005724508050089445,0.7246273106738224,2003
Alaska,District 30,10176,02030,0.2592374213836478,0.004127358490566038,0.02653301886792453,0.004520440251572327,0.7055817610062893,2030
Alaska,District 31,12410,02031,0.40588235294117647,0.008058017727639,0.020145044319097503,0.00419016921837228,0.5617244157937148,2031
Alaska,District 32,8335,02032,0.4206358728254349,0.01259748050389922,0.028554289142171566,0.005518896220755849,0.5326934613077384,2032
Alaska,District 33,10955,02033,0.687813783660429,0.009402099497946143,0.017982656321314468,0.005568233683249658,0.2792332268370607,2033
Alaska,District 34,10729,02034,0.5371423245409638,0.0063379625314567995,0.02600428744524187,0.007083605182216423,0.42343182030012116,2034
Alaska,District 35,10102,02035,0.49604038804197187,0.009404078400316769,0.01682835082161948,0.0056424470401900614,0.4720847356959018,2035
Alaska,District 36,9292,02036,0.40852346104175635,0.008501937150236763,0.026366767111493758,0.006241928540680155,0.550365906155833,2036
Alaska,District 37,5142,02037,0.4978607545702061,0.010890704006223259,0.016725009723842863,0.015947102294826914,0.45857642940490084,2037
Alaska,District 38,5299,02038,0.6042649556520098,0.021136063408190225,0.019815059445178335,0.026986223815814305,0.32779769767880734,2038
Alaska,District 39,5891,02039,0.6077066711933458,0.01765404854863351,0.0208793074180954,0.02461381768799864,0.3291461551519267,2039
Alaska,District 4,10511,02004,0.5085148891637332,0.008847873656169727,0.030729711730567977,0.00570830558462563,0.4461992198649034,2004
Alaska,District 40,4603,02040,0.5035846187269172,0.01868346730393222,0.02042146426243754,0.02411470779926135,0.43319574190745164,2040
Alaska,District 5,8654,02005,0.4857869193436561,0.00785763808643402,0.029928356829211925,0.005315461058470071,0.4711116246822279,2005
Alaska,District 6,9460,02006,0.34587737843551797,0.008773784355179705,0.028118393234672304,0.007293868921775899,0.6099365750528541,2006
Alaska,District 7,9622,02007,0.23020162128455623,0.005612138848472251,0.028268551236749116,0.005612138848472251,0.7303055497817501,2007
Alaska,District 8,9912,02008,0.19703389830508475,0.004842615012106538,0.024313962873284908,0.005246166263115416,0.7685633575464084,2008
Alaska,District 9,10993,02009,0.2518875648139725,0.007004457381970345,0.027381060674974984,0.005367051760211044,0.7083598653688711,2009
Alaska,District 99,433,02099,0.8614318706697459,0.0,0.0023094688221709007,0.0,0.13625866050808313,2099
Arizona,Apache,35172,04001,0.6622597520755146,0.0,0.012424655976344819,0.0,0.3253155919481406,4001
Arizona,Cochise,60442,04003,0.3926408788590715,0.0,0.01907613910856689,0.0,0.5882829820323616,4003
Arizona,Coconino,73272,04005,0.6100283873785348,0.0,0.0207719183316956,0.0,0.3691996942897696,4005
Arizona,Gila,27662,04007,0.3232954956257682,0.0,0.012363531198033403,0.0,0.6643409731761984,4007
Arizona,Graham,14995,04009,0.2690230076692231,0.0,0.014138046015338445,0.0,0.7168389463154384,4009
Arizona,Greenlee,3685,04011,0.32075983717774764,0.0,0.018995929443690638,0.0,0.6602442333785618,4011
Arizona,La Paz,7458,04012,0.2998122821131671,0.0,0.01246983105390185,0.0,0.6877178868329311,4012
Arizona,Maricopa,2068144,04013,0.5032405867289705,0.0,0.0153301704330066,0.0,0.4814292428380229,4013
Arizona,Mohave,104668,04015,0.2372358313906829,0.0,0.012439331983032063,0.0,0.750324836626285,4015
Arizona,Navajo,51767,04017,0.45169702706357334,0.0,0.014043695790754727,0.0,0.534259277145672,4017
Arizona,Pima,520397,04019,0.5860544930120658,0.0,0.014715688214958963,0.0,0.39922981877297525,4019
Arizona,Pinal,184974,04021,0.4060354428189908,0.0,0.015088607047476943,0.0,0.5788759501335323,4021
Arizona,Santa Cruz,19556,04023,0.6718142769482511,0.0,0.011454285129883411,0.0,0.3167314379218654,4023
Arizona,Yavapai,143221,04025,0.3463318926693711,0.0,0.014606796489341647,0.0,0.6390613108412873,4025
Arizona,Yuma,69881,04027,0.4609264320773887,0.0,0.016270517021794193,0.0,0.5228030509008171,4027
Arkansas,Arkansas,6292,05001,0.28893833439287986,0.0025429116338207248,0.007310870947234584,0.017164653528289893,0.684043229497775,5001
Arkansas,Ashley,7926,05003,0.2681049709815796,0.0011355034065102195,0.0031541761291950542,0.027630582891748676,0.6999747665909665,5003
Arkansas,Baxter,21007,05005,0.22064073880135193,0.002046936735373923,0.008711381920312277,0.014756985766649211,0.7538439567763127,5005
Arkansas,Benton,119912,05007,0.3523333778103943,0.0023100273533924877,0.016445393288411502,0.012083861498432184,0.6168273400493696,5007
Arkansas,Boone,17114,05009,0.17903470842585018,0.0032137431342760315,0.008940049082622414,0.011102021736589926,0.7977094776206615,5009
Arkansas,Bradley,3654,05011,0.3322386425834702,0.0010946907498631637,0.0090311986863711,0.018609742747673783,0.6390257252326218,5011
Arkansas,Calhoun,2182,05013,0.21952337305224565,0.0036663611365719525,0.007332722273143905,0.019706691109074245,0.7497708524289642,5013
Arkansas,Carroll,11797,05015,0.3410189031109604,0.004068831058743749,0.00847673137238281,0.017122997372213275,0.6293125370856998,5015
Arkansas,Chicot,4103,05017,0.5508164757494516,0.0012186205215695832,0.004143309773336583,0.01681696319766025,0.42700463075798195,5017
Arkansas,Clark,8395,05019,0.4095294818344253,0.0057176891006551515,0.009410363311494937,0.02549136390708755,0.5498511018463371,5019
Arkansas,Clay,5183,05021,0.1856067914335327,0.0021223229789697085,0.010225737989581324,0.0136986301369863,0.78834651746093,5021
Arkansas,Cleburne,12680,05023,0.15678233438485806,0.0007886435331230284,0.008280757097791799,0.019637223974763408,0.8145110410094637,5023
Arkansas,Cleveland,3600,05025,0.18083333333333335,0.0022222222222222222,0.0075,0.013055555555555556,0.7963888888888889,5025
Arkansas,Columbia,8616,05027,0.3266016713091922,0.008240482822655524,0.006151346332404828,0.020659238625812443,0.638347260909935,5027
Arkansas,Conway,8685,05029,0.30109383995394357,0.002072538860103627,0.008981001727115717,0.03223949337938975,0.6556131260794473,5029
Arkansas,Craighead,38511,05031,0.30954792137311415,0.003141959440159954,0.011425307055127107,0.012230271870374699,0.6636545402612241,5031
Arkansas,Crawford,24091,05033,0.20584450624714623,0.0014528247063218629,0.011373541986634013,0.008966003901872069,0.7723631231580258,5033
Arkansas,Crittenden,16367,05035,0.5201930714242072,0.0017718580069652349,0.006843037820003666,0.02315635119447669,0.44803568155434714,5035
Arkansas,Cross,6942,05037,0.25525785076346874,0.0011524056467876692,0.006914433880726016,0.024200518582541054,0.7124747911264765,5037
Arkansas,Dallas,2649,05039,0.3635334088335221,0.0011325028312570782,0.005285013212533031,0.0362400906002265,0.5938089845224613,5039
Arkansas,Desha,4164,05041,0.484149855907781,0.0024015369836695487,0.004322766570605188,0.047790585975024016,0.4613352545629203,5041
Arkansas,Drew,6908,05043,0.3511870295309786,0.003039953676896352,0.00390851187029531,0.012304574406485235,0.6295599305153445,5043
Arkansas,Faulkner,54428,05045,0.3370875284779893,0.002921290512236349,0.015433232894833542,0.012144484456529728,0.6324134636584111,5045
Arkansas,Franklin,7129,05047,0.18235376630663488,0.001262449151353626,0.009398232571188105,0.010660681722541731,0.7963248702482817,5047
Arkansas,Fulton,5119,05049,0.20218792732955657,0.0007814026176987692,0.007423324868138308,0.01582340300840008,0.7737839421762063,5049
Arkansas,Garland,44199,05051,0.3177673703024955,0.002307744519106767,0.008959478721238036,0.013280843457996787,0.6576845629991629,5051
Arkansas,Grant,8200,05053,0.1546341463414634,0.000975609756097561,0.006829268292682927,0.009024390243902438,0.8285365853658536,5053
Arkansas,Greene,16100,05055,0.18993788819875776,0.0020496894409937887,0.011677018633540372,0.00937888198757764,0.7869565217391304,5055
Arkansas,Hempstead,6848,05057,0.31220794392523366,0.0035046728971962616,0.004526869158878504,0.02701518691588785,0.6527453271028038,5057
Arkansas,Hot Spring,12557,05059,0.2454407899976109,0.0012741896949908418,0.007406227602134267,0.013060444373656128,0.7328183483316079,5059
Arkansas,Howard,4834,05061,0.2772031443938767,0.0022755482002482417,0.005585436491518411,0.018411253620190318,0.6965246172941664,5061
Arkansas,Independence,14512,05063,0.1933572216097023,0.0015848952590959205,0.01012954796030871,0.019707828004410143,0.7752205071664829,5063
Arkansas,Izard,5810,05065,0.1757314974182444,0.0006884681583476765,0.00946643717728055,0.017039586919104992,0.7970740103270224,5065
Arkansas,Jackson,5091,05067,0.26812021213906895,0.0009821253191907287,0.007267727362011393,0.01787468080927126,0.7057552543704577,5067
Arkansas,Jefferson,25158,05069,0.5954765879640671,0.001033468479211384,0.004213371492169489,0.020828364734875586,0.37844820732967643,5069
Arkansas,Johnson,9498,05071,0.24036639292482628,0.0026321330806485578,0.010212676352916403,0.016319225100021057,0.7304695725415877,5071
Arkansas,Lafayette,2679,05073,0.3131765584173199,0.001866368047779022,0.0033594624860022394,0.025755879059350503,0.6558417319895483,5073
Arkansas,Lawrence,5857,05075,0.18439474133515452,0.0013658869728529965,0.008878265323544477,0.025268908997780434,0.7800921973706676,5075
Arkansas,Lee,2848,05077,0.4996488764044944,0.0024578651685393258,0.0028089887640449437,0.04353932584269663,0.4515449438202247,5077
Arkansas,Lincoln,3875,05079,0.2663225806451613,0.005161290322580645,0.005419354838709678,0.018838709677419355,0.704258064516129,5079
Arkansas,Little River,5177,05081,0.2368166892022407,0.0013521344407958276,0.008499130770716632,0.035734981649604015,0.7175970639366428,5081
Arkansas,Logan,8225,05083,0.18772036474164133,0.0019452887537993921,0.010699088145896657,0.016534954407294834,0.7831003039513678,5083
Arkansas,Lonoke,30662,05085,0.21805492140108276,0.0023481834192159677,0.013143304415889375,0.020122627356336832,0.7463309634074751,5085
Arkansas,Madison,7351,05087,0.21262413277105155,0.0025846823561420213,0.007345939327982587,0.007754047068426064,0.7696911984763978,5087
Arkansas,Marion,7503,05089,0.20405171264827401,0.002532320405171265,0.008663201386112223,0.013994402239104359,0.7707583633213382,5089
Arkansas,Miller,16529,05091,0.25682134430395065,0.00248048883780023,0.006110472502873737,0.013430939560771977,0.7211567547946034,5091
Arkansas,Mississippi,12342,05093,0.3693080538000324,0.0019445794846864365,0.009722897423432183,0.027872305947172257,0.5911521633446767,5093
Arkansas,Monroe,2816,05095,0.4073153409090909,0.01171875,0.004261363636363636,0.028053977272727272,0.5486505681818182,5095
Arkansas,Montgomery,3873,05097,0.1887425768138394,0.0018073844564936742,0.006713142266976504,0.016266460108443067,0.7864704363542474,5097
Arkansas,Nevada,3358,05099,0.32042882668254913,0.007742703990470518,0.0023823704586063135,0.03424657534246575,0.6351995235259082,5099
Arkansas,Newton,3998,05101,0.17733866933466733,0.002751375687843922,0.00575287643821911,0.015757878939469734,0.7983991995997999,5101
Arkansas,Ouachita,9629,05103,0.41489251220272094,0.006127323709627168,0.008204382594246547,0.020978294734655727,0.5497974867587496,5103
Arkansas,Perry,4627,05105,0.21871623081910524,0.004322455154527772,0.007564296520423601,0.017505943375837475,0.7518910741301059,5105
Arkansas,Phillips,6242,05107,0.5804229413649471,0.00256328099967959,0.0024030759371996154,0.027395065684075615,0.38721563601409803,5107
Arkansas,Pike,4246,05109,0.15167216203485634,0.0009420631182289214,0.009656146961846444,0.008949599623174752,0.8287800282618936,5109
Arkansas,Poinsett,7521,05111,0.18933652439835127,0.0013296104241457252,0.005318441696582901,0.017151974471479856,0.7868634490094403,5111
Arkansas,Polk,8490,05113,0.14676089517078916,0.001177856301531213,0.00977620730270907,0.013663133097762074,0.8286219081272085,5113
Arkansas,Pope,24432,05115,0.2362475442043222,0.0022102161100196463,0.009823182711198428,0.011665029469548133,0.7400540275049116,5115
Arkansas,Prairie,3495,05117,0.1871244635193133,0.0008583690987124463,0.004577968526466381,0.010300429184549357,0.7971387696709585,5117
Arkansas,Pulaski,169956,05119,0.5998434889030102,0.0025889053637412037,0.009814304878909835,0.013026901080279601,0.3747263997740592,5119
Arkansas,Randolph,6812,05121,0.1783617146212566,0.001467997651203758,0.00807398708162067,0.025983558426306518,0.7861127422196125,5121
Arkansas,Saline,56959,05125,0.28195719728225566,0.0020716655840165733,0.010446110360083569,0.011060587440088485,0.6944644393335557,5125
Arkansas,Scott,3551,05127,0.13601802309208674,0.0014080540692762602,0.008729935229512813,0.019712756969867642,0.8341312306392565,5127
Arkansas,Searcy,4019,05129,0.14630505100771335,0.0009952724558347848,0.007464543418760886,0.007962179646678278,0.8372729534710127,5129
Arkansas,Sebastian,47140,05131,0.3073186253712346,0.002078913873568095,0.017055579126007636,0.011731014000848536,0.6618158676283411,5131
Arkansas,Sevier,5202,05133,0.21453287197231835,0.0019223375624759708,0.01057285659361784,0.0263360246059208,0.746635909265667,5133
Arkansas,Sharp,7566,05135,0.18477398889770025,0.003832936822627544,0.006872852233676976,0.019693365054189796,0.7848268569918054,5135
Arkansas,St. Francis,7108,05123,0.5070343275182893,0.0029544175576814856,0.005205402363534046,0.028700056274620148,0.45610579628587505,5123
Arkansas,Stone,5938,05137,0.19872010778039745,0.0031997305490063994,0.00791512293701583,0.012798922196025598,0.7773661165375547,5137
Arkansas,Union,16607,05139,0.33624375263443124,0.0021677605828867345,0.01095923405792738,0.019690491961221173,0.6309387607635335,5139
Arkansas,Van Buren,7807,05141,0.20404764954527987,0.002433713334187268,0.0069168694761111826,0.013705648776738823,0.7728961188676828,5141
Arkansas,Washington,94266,05143,0.46489720577939025,0.003320391233318482,0.015000106082787007,0.012846625506545308,0.5039356713979589,5143
Arkansas,White,30885,05145,0.19355674275538287,0.0012951270843451514,0.012789379957908369,0.009389671361502348,0.7829690788408613,5145
Arkansas,Woodruff,2476,05147,0.345718901453958,0.0024232633279483036,0.005654281098546042,0.023021001615508886,0.6231825525040388,5147
Arkansas,Yell,6741,05149,0.19047619047619047,0.0020768431983385254,0.009790832220738763,0.022400237353508382,0.7752558967512239,5149
California,Alameda,770070,06001,0.8020816289428234,0.006056592257846689,0.00817458153154908,0.006678613632526914,0.17700858363525393,6001
California,Alpine,741,06003,0.6423751686909581,0.005398110661268556,0.020242914979757085,0.002699055330634278,0.3292847503373819,6003
California,Amador,22304,06005,0.36553981348637016,0.004931850789096126,0.0156474175035868,0.0047973457675753225,0.6090835724533716,6005
California,Butte,102066,06007,0.4940528677522387,0.004967374052083946,0.017380910391315424,0.00616267905081026,0.4774361687535516,6007
California,Calaveras,27164,06009,0.36982771314975704,0.0046016786923869825,0.013216021204535414,0.00427035782653512,0.6080842291267855,6009
California,Colusa,7961,06011,0.4068584348699912,0.0031403090064062306,0.010174601180756186,0.007159904534606206,0.5726667504082402,6011
California,Contra Costa,581316,06013,0.7162816781234302,0.004503574647867941,0.010520955900061241,0.0057094592269953,0.26298433210164524,6013
California,Del Norte,11453,06015,0.40836462062341744,0.00681044267877412,0.013097005151488693,0.0075962629878634415,0.5641316685584563,6015
California,El Dorado,116159,06017,0.44439948691018344,0.003960089188095628,0.016107232328102,0.0031766802400158404,0.5323565113336031,6017
California,Fresno,364917,06019,0.528955899560722,0.004039274684380284,0.011046347525601713,0.0052696914640863535,0.4506887867652096,6019
California,Glenn,11297,06021,0.35363370806408784,0.0030096485792688323,0.011330441710188545,0.006815968841285297,0.6252102328051695,6021
California,Humboldt,68843,06023,0.6502912423921096,0.009078628182967041,0.016443211364989906,0.007960141190825502,0.316226776869108,6023
California,Imperial,56743,06025,0.6111414623830252,0.004123856687168461,0.006873094478614102,0.010468251590504556,0.36739333486068765,6025
California,Inyo,9484,06027,0.4886123998312948,0.004744833403627162,0.013496415014761703,0.006010122311261071,0.48713622943905527,6027
California,Kern,305292,06029,0.43684734614729503,0.003517943477064581,0.012912228292913015,0.007946490572959658,0.5387759915097677,6029
California,Kings,43861,06031,0.42632406921866806,0.0028499122227035405,0.013770775860103508,0.008230546499167825,0.548824696199357,6031
California,Lake,28812,06033,0.5185686519505761,0.0071845064556434815,0.012980702485075662,0.005796196029432181,0.4554699430792725,6033
California,Lassen,11987,06035,0.23350296154167013,0.002586134979561191,0.011762742971552515,0.0038374906148327353,0.7483106698923834,6035
California,Los Angeles,4264365,06037,0.7102780836068208,0.005079302545631061,0.008313547269054127,0.007700560341340387,0.26862850623715373,6037
California,Madera,53732,06039,0.43117695228169434,0.004038561750911933,0.011557358743393135,0.0064765875083748975,0.5467505397156257,6039
California,Marin,155830,06041,0.8232561124302125,0.004646088686389014,0.009856895334659565,0.004299557209779889,0.15794134633895912,6041
California,Mariposa,10280,06043,0.3976653696498054,0.003793774319066148,0.015077821011673152,0.004669260700389105,0.5787937743190662,6043
California,Mendocino,43340,06045,0.6640978311029072,0.00909090909090909,0.013636363636363636,0.007060452238117213,0.30611444393170284,6045
California,Merced,90554,06047,0.5410142014709455,0.0042847361795171944,0.010391589548777525,0.009243103562515185,0.4350663692382446,6047
California,Modoc,4343,06049,0.2647939212525904,0.00345383375546857,0.008979967764218283,0.00690766751093714,0.7158646097167857,6049
California,Mono,6738,06051,0.5955773226476699,0.006233303650934996,0.018699910952804988,0.006530127634312852,0.37295933511427726,6051
California,Monterey,163923,06053,0.6951617527741684,0.004569218474527675,0.011102773863338274,0.006722668569999329,0.28244358631796634,6053
California,Napa,72150,06055,0.6904643104643104,0.0042966042966042966,0.012668052668052668,0.006001386001386002,0.28656964656964656,6055
California,Nevada,64750,06057,0.5615289575289575,0.005328185328185328,0.014193050193050193,0.005374517374517374,0.41357528957528955,6057
California,Orange,1522113,06059,0.534788810029216,0.0038229750353620264,0.011382203555189398,0.00555937699763421,0.4444466343825984,6059
California,Placer,235084,06061,0.4545992070919331,0.003313709142264042,0.016793997039356145,0.004253798642187474,0.5210392880842593,6061
California,Plumas,11260,06063,0.4050621669626998,0.0034635879218472467,0.013587921847246892,0.005506216696269982,0.572380106571936,6063
California,Riverside,997156,06065,0.5298468845396307,0.003381617319657105,0.009998435550706208,0.006348053865192608,0.4504250087248134,6065
California,Sacramento,718440,06067,0.6135627192249875,0.004529257836423362,0.013598908746729024,0.00724208006235733,0.3610670341295028,6067
California,San Benito,28830,06069,0.6114464099895942,0.0031564342698577872,0.011966701352757543,0.0061047519944502256,0.3673257023933403,6069
California,San Bernardino,841130,06071,0.541960220179996,0.004302545385374437,0.01045141654678825,0.007851342836422432,0.4354344750514189,6071
California,San Diego,1602143,06073,0.6020998125635477,0.0046319211206490305,0.013348371524888852,0.005362817176743899,0.3745570776141705,6073
California,San Francisco,443553,06075,0.8525610242744385,0.006269825702903599,0.007437668102797185,0.006538113821798071,0.1271933680980627,6075
California,San Joaquin,288492,06077,0.5585492838622909,0.0036881438653411534,0.010152794531564133,0.007847704615725913,0.419762073125078,6077
California,San Luis Obispo,159714,06079,0.5529258549657513,0.0049713863531061775,0.015076950048211177,0.004796072980452559,0.4222297356524788,6079
California,San Mateo,374251,06081,0.778878346350444,0.0042618456597310365,0.009496300611087211,0.00540279117490668,0.20196071620383113,6081
California,Santa Barbara,200339,06083,0.6487154273506407,0.004687055441027458,0.012059559047414632,0.006414128052950249,0.328123830107967,6083
California,Santa Clara,850741,06085,0.726386761658366,0.004748801339067942,0.010732996293819153,0.005866650367150519,0.2522647903415963,6085
California,Santa Cruz,144837,06087,0.7887901572112098,0.007332380538122165,0.011764949563992625,0.00613103005447503,0.18598148263220032,6087
California,Shasta,92930,06089,0.3228236306897665,0.003959969869794469,0.013741525879694393,0.005337350694070806,0.6541375228666738,6089
California,Sierra,1931,06091,0.3780424650440186,0.006732263076126359,0.013982392542723977,0.00983946141895391,0.5914034179181771,6091
California,Siskiyou,23472,06093,0.40869972733469667,0.004942058623040218,0.0135480572597137,0.006603612815269257,0.5662065439672802,6093
California,Solano,205877,06095,0.6394060531288099,0.004653263842002749,0.012021741136698126,0.007281046450064844,0.33663789544242434,6095
California,Sonoma,268317,06097,0.7451559163228569,0.005586675462233105,0.012738663595672283,0.006100992482772244,0.23041775213646545,6097
California,Stanislaus,214954,06099,0.49238906928924325,0.003451901337030248,0.011602482391581454,0.00805753789182802,0.484499009090317,6099
California,Sutter,42644,06101,0.4072554169402495,0.003189194259450333,0.012217428008629584,0.005745239658568615,0.571592721133102,6101
California,Tehama,28731,06103,0.3101527966308169,0.0031325049597995197,0.01402666109776896,0.006473843583585674,0.6662141937280289,6103
California,Trinity,6259,06105,0.4555040741332481,0.007988496564946478,0.018693081961974757,0.008467806358843265,0.5093465409809874,6105
California,Tulare,146885,06107,0.45004595431800387,0.003288286754944344,0.010198454573305647,0.008305817476256935,0.5281614868774892,6107
California,Tuolumne,30408,06109,0.39390949750065773,0.00476848197842673,0.014436990265719547,0.005163114969744804,0.5817219152854513,6109
California,Ventura,422825,06111,0.5945438420150181,0.004176668834624254,0.011988411281262934,0.005664281913321114,0.38362679595577365,6111
California,Yolo,97294,06113,0.6947807675704566,0.0056221349723518405,0.012395420067013382,0.006691060085925134,0.2805106173042531,6113
California,Yuba,29796,06115,0.376896227681568,0.0041616324338837425,0.0171163914619412,0.008591757282856759,0.5932339911397503,6115
Colorado,Adams,236740,08001,0.5668750528005406,0.0031426881811269748,0.015759905381431107,0.010163048069612234,0.40405930556728903,8001
Colorado,Alamosa,7808,08003,0.48142930327868855,0.002945696721311475,0.011526639344262296,0.0157530737704918,0.4883452868852459,8003
Colorado,Arapahoe,350183,08005,0.60998677834161,0.002644331678008356,0.015486188649934464,0.00829280690381886,0.36358989442662837,8005
Colorado,Archuleta,9144,08007,0.40879265091863515,0.0020778652668416446,0.013123359580052493,0.00853018372703412,0.5674759405074365,8007
Colorado,Baca,2225,08009,0.14247191011235955,0.001348314606741573,0.011685393258426966,0.005393258426966292,0.8391011235955056,8009
Colorado,Bent,2274,08011,0.32189973614775724,0.002638522427440633,0.006596306068601583,0.0079155672823219,0.6609498680738787,8011
Colorado,Boulder,206111,08013,0.7718607934559534,0.0033816729820339525,0.012318605023506752,0.006234504708627875,0.20620442382987808,8013
Colorado,Broomfield,46632,08014,0.6235417738891749,0.002230228169497341,0.0165551552581918,0.008234688625836336,0.3494381540572997,8014
Colorado,Chaffee,13718,08015,0.5219419740486951,0.003353258492491617,0.013777518588715556,0.007362589298731593,0.4535646595713661,8015
Colorado,Cheyenne,1136,08017,0.1153169014084507,0.0,0.00528169014084507,0.00528169014084507,0.8741197183098591,8017
Colorado,Clear Creek,6548,08019,0.550397067806964,0.003512522907758094,0.01725717776420281,0.008246792913866829,0.4205864386072083,8019
Colorado,Conejos,4333,08021,0.45211170090006925,0.0020770828525271175,0.007846757442880221,0.010385414262635588,0.5275790445418879,8021
Colorado,Costilla,2094,08023,0.6260744985673352,0.0019102196752626551,0.0071633237822349575,0.010983763132760267,0.3538681948424069,8023
Colorado,Crowley,1750,08025,0.24971428571428572,0.0,0.012571428571428572,0.011428571428571429,0.7262857142857143,8025
Colorado,Custer,3635,08027,0.30591471801925724,0.001375515818431912,0.00797799174690509,0.0041265474552957355,0.68060522696011,8027
Colorado,Delta,19370,08029,0.3039235931853381,0.0023231801755291687,0.011254517294785752,0.007176045431078988,0.6753226639132679,8029
Colorado,Denver,393829,08031,0.7955051557909651,0.0031231829042554,0.012365772962377073,0.007155389775765624,0.1818504985666368,8031
Colorado,Dolores,1449,08033,0.23533471359558317,0.0006901311249137336,0.003450655624568668,0.008971704623878536,0.7515527950310559,8033
Colorado,Douglas,231605,08035,0.4518598475853285,0.0018652447054251851,0.016040240927441118,0.006627663478767729,0.5236070033030374,8035
Colorado,Eagle,29140,08037,0.6378860672614962,0.002676733013040494,0.012937542896362389,0.007035003431708991,0.3394646533973919,8037
Colorado,El Paso,378851,08041,0.4274530092305418,0.0029959007630968376,0.024452885171215067,0.00972150000923846,0.5353767048259078,8041
Colorado,Elbert,18983,08039,0.23652741926987306,0.001633040088500237,0.016119686034873307,0.006795553916662277,0.7389243006900912,8039
Colorado,Fremont,25557,08043,0.2883358766678405,0.0023085651680557185,0.01553390460539187,0.008412567985287788,0.6854090855734241,8043
Colorado,Garfield,30904,08045,0.4991910432306498,0.0032034688066269737,0.01371990680818017,0.007668910173440332,0.47621667098110276,8045
Colorado,Gilpin,4186,08047,0.531055900621118,0.004061156235069279,0.016722408026755852,0.010272336359292882,0.43788819875776397,8047
Colorado,Grand,9870,08049,0.47720364741641336,0.0031408308004052684,0.01762917933130699,0.00729483282674772,0.49473150962512663,8049
Colorado,Gunnison,11190,08051,0.6373547810545129,0.003485254691689008,0.01876675603217158,0.006613047363717605,0.33378016085790885,8051
Colorado,Hinsdale,632,08053,0.40348101265822783,0.0015822784810126582,0.015822784810126583,0.020569620253164556,0.5585443037974683,8053
Colorado,Huerfano,4406,08055,0.4711756695415343,0.0027235587834770767,0.01611438946890604,0.009986382206082615,0.5,8055
Colorado,Jackson,876,08057,0.1997716894977169,0.00228310502283105,0.0136986301369863,0.00684931506849315,0.7773972602739726,8057
Colorado,Jefferson,377358,08059,0.5787501523751981,0.002885853751609877,0.016944122027358635,0.008114310548603712,0.3933055612972297,8059
Colorado,Kiowa,903,08061,0.10852713178294573,0.0,0.009966777408637873,0.0011074197120708748,0.8803986710963455,8061
Colorado,Kit Carson,3871,08063,0.17101524153965383,0.0005166623611469904,0.008783260139498837,0.007491604236631361,0.812193231723069,8063
Colorado,La Plata,35667,08067,0.5761067653573331,0.0035887515069952616,0.014859674208652255,0.00639246362183531,0.3990523453051841,8067
Colorado,Lake,3961,08065,0.5814188336278717,0.005806614491290078,0.025498611461752082,0.009341075485988387,0.3779348649330977,8065
Colorado,Larimer,224338,08069,0.5621874136347832,0.003240645811231267,0.018226961103335146,0.008527311467517763,0.40781766798313257,8069
Colorado,Las Animas,7961,08071,0.4392664238161035,0.0021354101243562366,0.010802662982037433,0.00967215173973119,0.5381233513377717,8071
Colorado,Lincoln,2651,08073,0.17729158807996984,0.0003772161448509996,0.00980761976612599,0.007167106752168993,0.8053564692568842,8073
Colorado,Logan,10532,08075,0.21059627800987465,0.0015191796429927839,0.01319787314849981,0.006836308393467528,0.7678503608051652,8075
Colorado,Mesa,90623,08077,0.347991128080068,0.0020745285413195326,0.014411352526400583,0.00771327367224656,0.6278097171799654,8077
Colorado,Mineral,756,08079,0.4193121693121693,0.0,0.003968253968253968,0.011904761904761904,0.5648148148148148,8079
Colorado,Moffat,7026,08081,0.17122117847993168,0.0009962994591517223,0.013805863933959578,0.006974096214062055,0.807002561912895,8081
Colorado,Montezuma,15500,08083,0.37651612903225806,0.0021290322580645163,0.012387096774193548,0.008580645161290323,0.6003870967741936,8083
Colorado,Montrose,24922,08085,0.3084423401011155,0.001966134339138111,0.011435679319476767,0.005256399967899847,0.6728994462723698,8085
Colorado,Morgan,13744,08087,0.2820139697322468,0.0018917345750873108,0.010986612339930152,0.007130384167636787,0.697977299185099,8087
Colorado,Otero,9576,08089,0.37646198830409355,0.001670843776106934,0.009189640768588136,0.011591478696741854,0.6010860484544696,8089
Colorado,Ouray,4020,08091,0.5883084577114428,0.0029850746268656717,0.011442786069651741,0.004975124378109453,0.39228855721393036,8091
Colorado,Park,12291,08093,0.39890977137743067,0.0045561793182003095,0.019363762102351315,0.008380115531689854,0.5687901716703279,8093
Colorado,Phillips,2485,08095,0.19557344064386317,0.0028169014084507044,0.0096579476861167,0.004024144869215292,0.7879275653923541,8095
Colorado,Pitkin,11957,08097,0.7517772016392071,0.0034289537509408713,0.007861503721669315,0.004432549970728444,0.2324997909174542,8097
Colorado,Prowers,5561,08099,0.2621830606006114,0.0016184139543247618,0.007013127135407301,0.008451717317029312,0.7207336809926272,8099
Colorado,Pueblo,88301,08101,0.495713525328139,0.002321604511840183,0.013589880069308388,0.009875312850364096,0.47849967724034836,8101
Colorado,Rio Blanco,3691,08103,0.1519913302628014,0.000812787862367922,0.011379030073150907,0.006502302898943376,0.8293145489027364,8103
Colorado,Rio Grande,6305,08105,0.3957176843774782,0.0017446471054718478,0.010467882632831086,0.011578112609040445,0.5804916732751785,8105
Colorado,Routt,16876,08107,0.62704432329936,0.002192462668878881,0.01398435648257881,0.005688551789523584,0.35109030575965866,8107
Colorado,Saguache,3389,08109,0.5559161994688698,0.0038359398052522867,0.01150781941575686,0.011802891708468575,0.4169371496016524,8109
Colorado,San Juan,562,08111,0.608540925266904,0.0035587188612099642,0.012455516014234875,0.01601423487544484,0.3594306049822064,8111
Colorado,San Miguel,5147,08113,0.7623858558383524,0.002720031086069555,0.010102972605401205,0.004080046629104332,0.22071109384107246,8113
Colorado,Sedgwick,1446,08115,0.20816044260027664,0.0006915629322268327,0.005532503457814661,0.01037344398340249,0.7752420470262794,8115
Colorado,Summit,18479,08117,0.6835326586936522,0.0032469289463715567,0.01910276530115266,0.006115049515666432,0.2880025975431571,8117
